  2.0000000e+000  2.5972635e+000  4.5171029e+000  5.0337545e+000  1.1939504e+000  3.0799451e+000
  2.0000000e+000  2.8086755e+000  3.4289311e+000  4.5946895e+000  3.1188349e+000  2.8432683e+000
  2.0000000e+000  2.3489207e+000  1.6853872e+000  2.7463079e+000  3.6251284e+000  4.9565606e+000
  2.0000000e+000  3.4458345e+000  3.2984374e+000  4.0348258e+000  1.2009089e+000  4.6157387e+000
  2.0000000e+000  3.1299513e+000  2.8864237e+000  3.6853983e+000  5.1819296e+000  5.0076786e+000
  2.0000000e+000  2.6765531e+000  3.5782894e+000  3.0203775e+000  3.2267239e+000  1.3957300e+000
  2.0000000e+000  4.1273030e+000  4.5868215e+000  4.0102857e+000  4.3439551e+000  2.0981137e+000
  2.0000000e+000  1.7010560e+000  2.7435140e+000  1.8885355e+000  8.2164670e-001  2.6821525e+000
  1.0000000e+000  3.5299277e+000  3.9045936e+000  2.2970434e+000  2.6050047e+000  4.8845570e+000
  2.0000000e+000  2.4647911e+000  4.2249704e+000  3.7603782e+000  3.6218973e+000  3.0811848e+000
  2.0000000e+000  1.2304026e+000  3.4461010e+000  3.2274678e+000  3.7452090e+000  3.4621517e+000
  1.0000000e+000  3.4604926e+000  2.5903172e+000  3.9871665e+000  3.0818514e+000  2.7826549e+000
  2.0000000e+000  3.7991945e+000  3.0787871e+000  2.9778226e+000  1.6636493e+000  3.5074996e+000
  2.0000000e+000  4.0201052e+000  3.6095483e+000  8.5262815e-001  2.9186669e+000  2.9692671e+000
  2.0000000e+000  3.3646363e+000  3.0795169e+000  2.6788585e+000  1.9397794e+000  4.9519359e+000
  2.0000000e+000  4.5211076e+000  2.9164096e+000  3.1456032e+000  3.6438344e+000  3.7545302e+000
  2.0000000e+000  1.5988046e+000  3.7364535e+000  2.8798929e+000  3.3180427e+000  3.8718169e+000
  2.0000000e+000  2.6272574e+000  2.5481031e+000  2.6144200e+000  3.7347418e+000  6.4990489e+000
  1.0000000e+000  3.0438276e+000  2.8820321e+000  3.2608728e+000  3.0115147e+000  3.1071782e+000
  2.0000000e+000  2.3636974e+000  3.2536527e+000  2.9413521e+000  3.7006666e+000  2.5043614e+000
  1.0000000e+000  3.7189427e+000  3.3366853e+000  2.5857143e+000  2.3779172e+000  1.8848856e+000
  2.0000000e+000  2.6410743e+000  4.4311438e+000  2.7603481e+000  2.9284607e+000  2.5428000e+000
  2.0000000e+000  2.9431830e+000  2.9216370e+000  2.8445210e+000  2.4486523e+000  3.5663161e+000
  2.0000000e+000  1.2416138e+000  2.1565104e+000  3.3021006e+000  2.1408532e+000  4.4292690e+000
  2.0000000e+000  2.2582188e+000  3.1026410e+000  3.8136085e+000  3.7617566e+000  2.6779596e+000
  2.0000000e+000  2.3420094e+000  3.6204547e+000  5.2081052e+000  2.0472421e+000  4.1557016e+000
  2.0000000e+000  2.1759197e+000  3.4584571e+000  3.1520669e+000  5.2344794e+000  3.6450739e+000
  2.0000000e+000  2.7695851e+000  1.7208311e+000  3.2083554e+000  2.1812716e+000  3.1983744e+000
  1.0000000e+000  3.7501235e+000  2.8834860e+000  3.0563422e+000  3.6420015e+000  1.8507882e+000
  2.0000000e+000  2.3389186e+000  3.4860470e+000  2.7128280e+000  3.3576449e+000  1.0661416e+000
  2.0000000e+000  2.9415927e+000  1.4002338e+000  3.2284452e+000  5.0661833e+000  3.8407195e+000
  2.0000000e+000  2.6887778e+000  9.0758508e-001  5.3435538e+000  2.8738788e+000  2.3319401e+000
  1.0000000e+000  3.3135152e+000  4.3084693e+000  2.3798921e+000  3.3159888e+000  4.5468333e+000
  2.0000000e+000  3.6771359e+000  3.1051361e+000  2.4196977e+000  4.0470691e+000  2.8490613e+000
  2.0000000e+000  3.3283925e+000  1.6383795e+000  3.5187762e+000  4.0801091e+000  3.8023334e+000
  2.0000000e+000  4.5573125e+000  2.3490366e+000  2.6983581e+000  3.1504496e+000  2.5044382e+000
  2.0000000e+000  2.7334853e+000  3.1244626e+000  1.8656721e+000  3.5379217e+000  2.5083299e+000
  2.0000000e+000  2.4505532e+000  4.1301194e+000  3.2086828e+000  2.5309993e+000  4.1383602e+000
  2.0000000e+000  5.0201920e+000  1.1517130e+000  2.6956601e+000  2.3238249e+000  3.5823322e+000
  1.0000000e+000  3.1985087e+000  3.3845821e+000  1.8209774e+000  3.9490451e+000  3.1143891e+000
  2.0000000e+000  4.6162743e+000  2.3486158e+000  3.1015470e+000  2.3429289e+000  6.2187950e-001
  2.0000000e+000  4.1199824e+000  4.2060981e+000  2.5219829e+000  2.6720368e+000  4.3810027e+000
  2.0000000e+000  1.9406105e+000  3.6656823e+000  4.1537050e+000  3.0153398e+000  1.9183502e+000
  1.0000000e+000  3.4310171e+000  2.4847049e+000  4.3723250e+000  2.8996429e+000  2.5234117e+000
  2.0000000e+000  2.7258602e+000  3.5711468e+000  3.7991072e+000  2.2549034e-002  3.7623976e+000
  2.0000000e+000  1.1261011e+000  5.4360584e+000  3.3131622e+000  2.9206010e+000  2.2876294e+000
  2.0000000e+000  2.6593411e+000  1.3391540e+000  3.7634509e+000  1.6209862e+000  2.5284826e+000
  2.0000000e+000  1.5324235e+000  3.0752439e+000  3.1220663e+000  3.5212257e+000  3.6196116e-001
  2.0000000e+000  2.4257606e+000  2.4004115e+000  1.8964654e+000  1.8426296e+000  2.4688499e+000
  2.0000000e+000  3.5670764e+000  4.0878446e+000  3.7461316e+000  4.4315521e+000  2.4919877e+000
  2.0000000e+000  3.9798678e+000  2.2453615e+000  1.9042266e+000  2.0448914e+000  4.1382577e+000
  2.0000000e+000  1.2555244e+000  2.9187828e+000  3.7319846e+000  3.4325973e+000  3.0301730e+000
  2.0000000e+000  1.1909139e+000  2.3795298e+000  2.4501410e+000  1.7842134e+000  3.0726118e+000
  2.0000000e+000  5.1391973e-001  3.6618950e+000  4.0877753e+000  3.1607172e+000  4.3877640e+000
  2.0000000e+000  2.7441031e+000  2.8036110e+000  3.0607127e+000  3.3403470e+000  4.0054613e+000
  2.0000000e+000  1.7009869e+000  2.7023518e+000  3.5519352e+000  1.5132209e+000  3.2700870e+000
  1.0000000e+000  3.0633480e+000  3.7271835e+000  7.6459264e-001  2.3978112e+000  3.2798293e+000
  2.0000000e+000  1.2032590e+000  3.3225164e+000  8.2075736e-001  2.7018998e+000  1.8985582e+000
  2.0000000e+000  5.8192075e+000  2.2661496e+000  1.9663049e+000  2.8987542e+000  3.4480848e+000
  2.0000000e+000  9.5172756e-001  1.3968382e+000  4.0170972e+000  2.0254412e+000  1.9718851e+000
  2.0000000e+000  5.1661533e+000  3.0597762e+000  3.2199601e+000  2.8569536e+000  3.4720324e+000
  1.0000000e+000  3.3903234e+000  1.4604868e+000  3.4763776e+000  2.3369730e+000  3.4531857e+000
  2.0000000e+000  2.0962061e+000  2.0542282e+000  3.6313948e+000  3.5155280e+000  2.4455373e+000
  2.0000000e+000  3.9959912e+000  1.5664432e+000  2.2125904e+000  4.6756029e+000  2.2780021e+000
  1.0000000e+000  3.7084461e+000  3.2094728e+000  2.8010568e+000  3.1438393e+000  3.4148494e+000
  2.0000000e+000  3.2367631e+000  2.5433835e+000  3.0977976e+000  1.7761481e+000  2.6151858e+000
  2.0000000e+000  4.2769469e+000  3.0656930e+000  5.4737956e-001  2.2718966e+000  3.1256019e+000
  2.0000000e+000  2.7785289e+000  3.7780740e+000  3.4597644e+000  3.9726246e+000  3.2169582e+000
  2.0000000e+000  9.1821589e-001  2.3844924e+000  4.6453269e+000  1.6240650e+000  3.3064651e+000
  2.0000000e+000  3.9364480e+000  1.7290109e+000  1.5252237e+000  2.2538847e+000  2.6643169e+000
  2.0000000e+000  3.7433272e+000  2.6876926e+000  4.0537676e+000  3.8499219e+000  3.4383850e+000
  1.0000000e+000  3.1873053e+000  2.1623280e+000  2.9674927e+000  2.8514563e+000  3.7257378e+000
  2.0000000e+000  1.0492654e+000  4.5737613e+000  2.6050428e+000  2.1789742e+000  3.1988263e+000
  2.0000000e+000  1.2136740e+000  2.4490041e+000  2.2773405e+000  2.9212756e+000  3.4684859e+000
  2.0000000e+000  5.4206304e+000  5.6564228e+000  1.6392171e+000  4.0044752e+000  2.6320375e+000
  2.0000000e+000  2.5254609e+000  3.5529556e+000  2.7986982e+000  2.8197952e+000  3.8687076e+000
  1.0000000e+000  3.4335529e+000  1.9294049e+000  7.1068785e-001  2.2504998e+000  3.0844989e+000
  1.0000000e+000  3.2759082e+000  3.4728524e+000  3.8056740e+000  2.6418569e+000  3.7519522e+000
  2.0000000e+000  2.9356050e+000  3.0668269e+000  2.1515303e+000  2.6506928e+000  2.8230461e+000
  2.0000000e+000  2.8512148e+000  3.1632697e+000  2.6446984e+000  2.5797779e+000  2.8394875e+000
  2.0000000e+000  4.0568973e+000  2.2617172e+000  1.9845606e+000  2.0679768e+000  1.6879406e+000
  2.0000000e+000  2.9340334e+000  3.3048250e+000  2.9346766e+000  3.7130517e+000  3.4802134e+000
  1.0000000e+000  3.7255075e+000  3.5157612e+000  3.2257082e+000  2.3397132e+000  1.3863390e+000
  2.0000000e+000  3.5196001e+000  3.3356921e+000  1.1121868e+000  3.1712597e+000  8.8451999e-001
  2.0000000e+000  2.3389175e+000  2.2759222e+000  2.1313459e+000  3.2561927e+000  1.7834381e+000
  1.0000000e+000  3.1827161e+000  2.7821340e+000  3.5171404e+000  2.7107774e+000  3.5036872e+000
  1.0000000e+000  3.9284974e+000  3.0483440e+000  1.9354660e+000  3.1096972e+000  2.3067895e+000
  1.0000000e+000  3.0435238e+000  3.1326063e+000  3.4869892e+000  2.7423533e+000  2.0157004e+000
  1.0000000e+000  3.1478396e+000  2.4045359e+000  1.7093886e+000  2.1328364e+000  2.3808480e+000
  2.0000000e+000  2.6994314e+000  2.0627889e+000  1.2679724e+000  2.0542817e+000  3.5747274e+000
  2.0000000e+000  4.7491508e+000  1.8090270e+000  2.0822428e+000  2.5739835e+000  2.8100677e+000
  2.0000000e+000  2.2889561e+000  3.7484902e+000  2.8823123e+000  2.6913801e+000  4.2289250e+000
  2.0000000e+000  1.4646852e+000  3.0815989e+000  4.7807181e+000  3.7588636e+000  3.3955099e+000
  2.0000000e+000  4.0624774e+000  3.2852842e+000  1.8765673e+000  1.7725306e+000  3.5878286e+000
  1.0000000e+000  3.6046596e+000  1.9743074e+000  2.6114194e+000  2.6426906e+000  2.0536212e+000
  2.0000000e+000  2.5929557e+000  3.5303548e+000  2.4675551e+000  3.6299930e+000  3.0021462e+000
  2.0000000e+000  2.1913863e+000  2.6072438e+000  3.6028672e+000  2.0346733e+000  4.0938415e+000
  1.0000000e+000  3.7875179e+000  2.7679731e+000  3.2501332e+000  2.8987221e+000  3.0527830e+000
  1.0000000e+000  3.1856274e+000  3.0574223e+000  3.5429576e+000  3.4287201e+000  2.8107811e+000
  2.0000000e+000  4.2312567e+000  3.7415313e+000  2.8988936e+000  4.4224952e+000  3.0292165e+000
  2.0000000e+000  2.7070003e+000  2.3845189e+000  2.8621672e+000  3.8606058e+000  4.0653207e+000
  2.0000000e+000  4.1078097e+000  3.4595447e+000  3.0628988e+000  4.1132126e+000  2.7239289e+000
  2.0000000e+000  1.6209487e-001  2.3654074e+000  2.2553510e+000  2.6305202e+000  3.6101029e+000
  1.0000000e+000  3.5004055e+000  9.5018216e-001  3.7405584e+000  2.3401981e+000  4.7877253e+000
  2.0000000e+000  2.6911989e+000  2.3136637e+000  3.4824940e+000  2.1367318e+000  3.2432142e+000
  1.0000000e+000  3.7108861e+000  4.4265142e+000  4.0252122e+000  2.5873846e+000  3.2182476e+000
  2.0000000e+000  4.0481541e+000  1.5815653e+000  2.7131694e+000  2.7178733e+000  4.4760190e+000
  2.0000000e+000  2.7223134e+000  2.7116715e+000  3.8978249e+000  3.4441786e+000  4.6017284e+000
  2.0000000e+000  2.4121738e+000  3.3519163e+000  4.0446893e+000  3.2446283e+000  1.6081800e+000
  2.0000000e+000  4.2845827e+000  2.2355160e+000  3.1387486e+000  2.6319391e+000  8.5137645e-001
  2.0000000e+000  2.1757638e+000  3.0291852e+000  3.5439745e+000  2.8144845e+000  3.0014352e+000
  2.0000000e+000  3.8303177e+000  4.0975480e+000  2.4744196e+000  4.5664319e+000  3.0995814e+000
  1.0000000e+000  3.3116192e+000  3.3585917e+000  4.4614048e+000  2.1514698e+000  1.3589027e+000
  2.0000000e+000  4.0297737e+000  3.7975359e+000  2.6233696e+000  3.4355282e+000  2.2234342e+000
  2.0000000e+000  2.7336392e+000  3.3608283e+000  2.3332962e+000  2.0532857e+000  2.3860050e+000
  2.0000000e+000  2.6724826e+000  4.8347079e+000  2.5086767e+000  4.0457261e+000  1.8170139e+000
  2.0000000e+000  5.2543855e+000  1.5561450e+000  4.0542567e+000  2.3272479e+000  3.3814364e+000
  2.0000000e+000  4.4800643e+000  2.8713179e+000  2.2761970e+000  4.1529886e+000  3.7031741e+000
  2.0000000e+000  3.8221910e+000  1.4470299e+000  2.5070689e+000  3.9916638e+000  3.5967808e+000
  2.0000000e+000  3.5082989e+000  2.9716860e+000  3.3531534e+000  4.2331345e+000  1.2688058e+000
  2.0000000e+000  2.8430321e+000  4.6644616e+000  3.6067992e+000  2.4864782e+000  1.8624595e+000
  2.0000000e+000  4.3749305e+000  2.8761175e+000  2.3480575e+000  2.2737923e+000  3.3785557e+000
  2.0000000e+000  2.6248493e+000  2.0594564e+000  2.2721114e+000  4.1583267e+000  2.9628855e+000
  2.0000000e+000  2.0928613e+000  2.7804496e+000  2.9991943e+000  3.3097973e+000  5.1339385e+000
  2.0000000e+000  4.0214319e+000  3.1442073e+000  3.3875968e+000  1.9920571e+000  4.3442020e+000
  2.0000000e+000  1.8480036e+000  2.5376205e+000  5.2309417e+000  4.5312744e+000  2.4967578e+000
  1.0000000e+000  3.0558887e+000  1.4235983e+000  3.2358493e+000  2.3800297e+000  3.8234230e+000
  2.0000000e+000  3.4073199e+000  2.0928477e+000  1.8923556e+000  1.6135265e+000  2.3419864e+000
  1.0000000e+000  3.0977875e+000  2.8597999e+000  3.6927093e+000  3.5988775e+000  2.5902140e+000
  1.0000000e+000  3.4391685e+000  4.1309863e+000  1.8347399e+000  2.2842665e+000  3.2116850e+000
  1.0000000e+000  3.2535417e+000  2.6447975e+000  3.2916427e+000  2.6694706e+000  2.4139446e+000
  2.0000000e+000  4.6052762e+000  3.5913989e+000  3.3759567e+000  2.6568338e+000  1.8482274e+000
  2.0000000e+000  2.5034368e+000  2.8998983e+000  1.0639090e+000  2.3674960e+000  3.5835207e+000
  2.0000000e+000  4.8483856e+000  3.0990879e+000  3.0850419e+000  2.8829577e+000  4.8496516e+000
  2.0000000e+000  2.6054671e+000  4.0205174e+000  3.7382559e+000  1.6921990e+000  2.7600044e+000
  2.0000000e+000  2.6070397e+000  5.3039934e+000  1.6464577e+000  3.4522172e+000  3.6005035e+000
  2.0000000e+000  3.6446596e+000  3.6433863e+000  3.9664561e+000  4.0900421e+000  1.4610860e+000
  2.0000000e+000  1.9973922e+000  2.3063058e+000  2.8775993e+000  4.3789880e+000  2.6345511e+000
  2.0000000e+000  8.7136190e-001  4.1039135e+000  2.5788647e+000  1.0338455e+000  2.1895061e+000
  2.0000000e+000  8.1225148e-001  2.9476396e+000  5.2269528e+000  4.2060780e+000  1.7610361e+000
  1.0000000e+000  3.3855431e+000  3.6142193e+000  2.8942411e+000  3.3732838e+000  3.2095473e+000
  1.0000000e+000  3.1420766e+000  2.8282294e+000  2.8563486e+000  3.4161375e+000  1.7535725e+000
  2.0000000e+000  3.9300575e+000  2.0529669e+000  3.5246264e+000  1.8693500e+000  3.7826942e+000
  2.0000000e+000  2.2144638e+000  1.8680932e+000  1.3209712e+000  3.0454833e+000  2.8534092e+000
  2.0000000e+000  4.5746336e+000  4.9340900e+000  2.2474654e+000  3.2984209e+000  2.3265182e+000
  2.0000000e+000  4.0448493e+000  2.0148285e+000  2.6733700e+000  5.5572488e+000  2.2692234e+000
  2.0000000e+000  3.7823915e+000  1.6718175e+000  3.5922909e+000  3.8745893e+000  2.3552920e+000
  2.0000000e+000  2.6399187e+000  3.3836513e+000  1.5143012e+000  4.1035944e+000  3.0485679e+000
  1.0000000e+000  3.2371218e+000  9.3674174e-001  2.2993579e+000  2.5848996e+000  2.1508441e+000
  2.0000000e+000  2.8363958e+000  1.0992771e+000  2.7146732e+000  2.7669853e+000  2.4990791e+000
  2.0000000e+000  4.3415481e+000  3.3948860e+000  2.1849350e+000  3.0596866e+000  3.2155784e+000
  2.0000000e+000  2.8219755e+000  3.2286427e+000  2.6587834e+000  2.7914165e+000  3.6882131e+000
  2.0000000e+000  1.9334172e+000  1.6448248e+000  3.0353765e+000  3.0873785e+000  2.6872521e+000
  2.0000000e+000  4.6584839e+000  2.2640500e+000  4.6638347e+000  3.2055644e+000  3.5151235e+000
  2.0000000e+000  2.8990215e+000  2.7460683e+000  2.1649583e+000  3.1934234e+000  3.9347797e+000
  1.0000000e+000  3.4409961e+000  3.9736048e+000  3.1258284e+000  3.1381649e+000  3.9789970e+000
  2.0000000e+000  1.9518234e+000  2.8809272e+000  3.5576184e+000  2.9708369e+000  2.7087982e+000
  2.0000000e+000  4.1271398e+000  4.3155147e+000  2.7895015e+000  2.3544118e+000  2.6421787e+000
  2.0000000e+000  2.5458523e+000  5.0550181e-001  2.5388706e+000  8.4610872e-001  2.4601564e+000
  2.0000000e+000  4.7578965e+000  2.1127265e+000  3.9733336e+000  1.6145449e+000  3.0496010e+000
  2.0000000e+000  2.5877368e+000  3.1486759e+000  1.1961081e+000  1.7090859e+000  4.0041676e+000
  1.0000000e+000  3.2845144e+000  3.6108921e+000  2.9225462e+000  3.4695412e+000  3.0165835e+000
  1.0000000e+000  3.3335992e+000  2.8203695e+000  2.1054674e+000  2.8725315e+000  1.9791612e+000
  1.0000000e+000  3.2692126e+000  3.7620760e+000  2.3518706e+000  3.7516866e+000  2.4149556e+000
  2.0000000e+000  2.6930297e+000  1.5597512e+000  1.0649418e+000  1.6695697e+000  3.3774629e+000
  2.0000000e+000  1.4383034e+000  3.8496042e+000  3.4325799e+000  1.8782729e+000  4.4365990e+000
  2.0000000e+000  4.2950746e+000  2.5554740e+000  3.3827017e+000  2.1575813e+000  2.6513225e+000
  2.0000000e+000  3.9762758e+000  1.6055287e+000  2.5363614e+000  3.6918220e+000  2.9443159e+000
  2.0000000e+000  2.8579225e+000  2.8130271e+000  1.7108865e+000  3.5333175e+000  2.1738846e+000
  2.0000000e+000  4.2692336e+000  2.8906034e+000  1.9768860e+000  3.6031003e+000  1.8181967e+000
  2.0000000e+000  1.8952830e+000  2.3573690e+000  4.0877982e+000  3.4376855e+000  4.3992207e+000
  1.0000000e+000  3.3531718e+000  2.9463049e+000  2.3372099e+000  2.3419019e+000  2.4655498e+000
  1.0000000e+000  3.1885990e+000  2.4655409e+000  3.2047501e+000  3.1446990e+000  3.9635712e+000
  2.0000000e+000  3.0323300e+000  2.9212738e+000  2.7332493e+000  9.3223650e-001  2.2458889e+000
  2.0000000e+000  1.3043923e+000  2.8058897e+000  3.6655972e+000  4.4976609e+000  1.8814900e+000
  2.0000000e+000  1.4629405e+000  4.8232769e+000  1.7518800e+000  3.9107043e+000  3.2185635e+000
  2.0000000e+000  2.0021969e+000  2.2004542e+000  2.4931735e+000  2.1603218e+000  1.1908960e+000
  2.0000000e+000  2.2790059e+000  1.5344095e+000  5.7656295e+000  4.7558245e+000  3.1540837e+000
  2.0000000e+000  4.3319088e+000  2.5534312e+000  2.1941810e+000  4.1054842e+000  8.8560625e-001
  2.0000000e+000  2.5549038e+000  3.5191749e+000  4.1589413e+000  2.8677086e+000  5.4787963e+000
  2.0000000e+000  4.6630965e+000  1.5405356e+000  3.8914061e+000  3.7780320e+000  3.6135346e+000
  1.0000000e+000  3.4861984e+000  1.4721292e+000  3.1397636e+000  3.1573545e+000  3.7584226e+000
  2.0000000e+000  2.2627401e+000  3.8991221e+000  3.3313604e+000  4.4875216e+000  4.5153993e+000
  2.0000000e+000  3.3619576e+000  2.6980854e+000  2.8645162e+000  4.1190388e+000  1.4138389e+000
  2.0000000e+000  2.2681261e+000  3.9853865e+000  3.5028317e+000  3.0588093e+000  3.1503076e+000
  2.0000000e+000  4.5350193e+000  1.3627073e+000  1.7640517e+000  3.5471495e+000  4.2312533e+000
  2.0000000e+000  4.9581962e+000  2.4634571e+000  1.6777981e+000  2.6620804e+000  1.7704041e+000
  2.0000000e+000  2.6707970e+000  2.9980019e+000  4.8361332e+000  4.1649458e+000  2.4567427e+000
  1.0000000e+000  3.2277519e+000  4.6375834e+000  2.9613086e+000  3.3054951e+000  2.8308406e+000
  2.0000000e+000  3.4278627e+000  3.1375563e+000  4.5306199e+000  4.6808210e-002  2.4969764e+000
  2.0000000e+000  2.6648849e+000  5.0168743e+000  1.7014247e+000  1.7378820e+000  3.0047101e+000
  2.0000000e+000  2.0091638e+000  2.3073620e+000  3.6963523e+000  2.5832731e+000  2.7329886e+000
  2.0000000e+000  2.8622517e+000  3.2052969e+000  4.2320977e+000  1.7542537e+000  8.9657150e-001
  2.0000000e+000  2.7773920e+000  2.7455724e+000  4.1360515e+000  2.7704581e+000  1.7020163e+000
  2.0000000e+000  2.1969944e+000  3.1187424e+000  2.9150026e+000  3.6295350e+000  5.6136846e+000
  2.0000000e+000  3.4468624e+000  4.2401260e+000  3.8631995e+000  4.1981975e+000  2.8653385e+000
  2.0000000e+000  2.8578726e+000  2.6077263e+000  1.6736185e+000  3.7955831e+000  4.3888658e+000
  1.0000000e+000  3.0444578e+000  3.0425664e+000  3.4631752e+000  3.4493350e+000  2.4384807e+000
  2.0000000e+000  3.1898031e+000  2.4808864e+000  3.2162004e+000  4.5785645e+000  2.2574778e+000
  2.0000000e+000  3.9953781e+000  1.4655205e+000  3.2832226e+000  3.7113328e+000  2.0421080e+000
  2.0000000e+000  5.2793847e+000  3.3693406e+000  3.5731328e+000  3.6267214e+000  2.0779693e+000
  2.0000000e+000  2.6417620e+000  2.4711307e+000  3.9924682e+000  4.0937178e+000  1.4163012e+000
  2.0000000e+000  4.4097808e+000  2.0070517e+000  1.6495577e+000  2.5221873e+000  5.4412708e+000
  2.0000000e+000  3.8185771e+000  3.3696616e+000  2.0139705e+000  4.4165241e+000  2.7400301e+000
  2.0000000e+000  3.0010907e+000  3.9761654e+000  2.6484363e+000  1.6328268e+000  2.3428760e+000
  2.0000000e+000  4.5183408e+000  3.9642703e+000  1.9998824e+000  2.5240453e+000  1.2627367e+000
  2.0000000e+000  3.8539242e+000  1.9310947e+000  1.4350531e+000  8.1937130e-001  3.1487665e+000
  2.0000000e+000  3.8231039e+000  4.1193565e+000  2.1501990e+000  1.6102724e+000  4.6041607e+000
  2.0000000e+000  2.5348305e+000  2.6248841e+000  2.3174520e+000  2.8317102e+000  4.0658979e+000
  2.0000000e+000  2.4830577e+000  2.8356446e+000  4.4725690e+000  6.6887687e-001  3.4476862e+000
  2.0000000e+000  3.3141026e+000  4.6547381e+000  1.1384520e+000  8.6607042e-001  3.1716972e+000
  1.0000000e+000  3.8947907e+000  1.9216166e+000  2.5959987e+000  2.8675281e+000  2.3499579e+000
  1.0000000e+000  3.2309538e+000  3.4000768e+000  1.4054152e+000  2.5177566e+000  1.6960176e+000
  2.0000000e+000  5.2182232e+000  3.5597740e+000  3.2813824e+000  1.5851611e+000  2.5222947e+000
  2.0000000e+000  3.7147369e+000  3.9059631e+000  2.4501339e+000  4.1232657e+000  2.5211495e+000
  2.0000000e+000  3.3341210e+000  4.3723250e+000  1.5662471e+000  1.9059880e+000  1.8167088e+000
  1.0000000e+000  3.0205638e+000  3.3268918e+000  2.5768364e+000  2.8438280e+000  4.0879762e+000
  2.0000000e+000  4.2358658e+000  2.6983444e+000  2.9685788e+000  3.1520788e+000  2.3659402e+000
  2.0000000e+000  2.6197470e+000  2.2944397e+000  2.9272772e+000  4.3850580e+000  3.1897278e+000
  2.0000000e+000  4.1382787e+000  1.9976905e+000  3.2541434e+000  3.4184076e+000  3.6237727e+000
  2.0000000e+000  4.3219001e+000  1.9667966e+000  1.3916475e+000  3.3595405e+000  3.7686846e+000
  2.0000000e+000  4.2531407e+000  1.8768384e+000  4.2993269e+000  2.5513826e+000  3.3201370e+000
  2.0000000e+000  3.1784447e+000  3.1165666e+000  1.7888594e+000  4.3518018e+000  2.1880577e+000
  2.0000000e+000  1.8358049e+000  2.4870722e+000  3.2474503e+000  4.2635725e+000  3.0420790e+000
  2.0000000e+000  4.9399889e+000  3.0790867e+000  4.5218004e+000  3.6830968e+000  1.3708293e+000
  1.0000000e+000  3.8648523e+000  3.0462708e+000  4.4086687e+000  2.7049376e+000  3.2130711e+000
  2.0000000e+000  1.2988528e+000  2.4385085e+000  4.4595836e+000  4.6663473e+000  3.4833579e+000
  2.0000000e+000  2.0172314e+000  3.4529525e-001  2.5780734e+000  3.4714130e+000  3.4184434e+000
  2.0000000e+000  2.5785917e+000  2.8870056e+000  3.0775093e+000  2.9707617e+000  1.9310362e+000
  2.0000000e+000  1.9680525e+000  4.4776409e+000  3.7288936e+000  3.2549533e+000  2.3570093e+000
  2.0000000e+000  2.1284719e+000  4.8795842e+000  5.2688811e+000  1.3483409e+000  4.9076920e+000
  2.0000000e+000  1.0885470e+000  3.1082369e+000  1.7477456e+000  1.9252581e+000  3.1017672e-001
  2.0000000e+000  4.9556995e+000  3.4441156e+000  1.9122469e+000  3.1759245e+000  3.7174257e+000
  2.0000000e+000  4.7187938e+000  3.2035731e+000 -3.5252706e-001  3.7763746e+000  8.7643438e-001
  2.0000000e+000  3.1310258e+000  2.4863649e+000  4.0342445e+000  4.3304410e+000  3.7880197e+000
  1.0000000e+000  3.2987106e+000  5.3316151e+000  2.6802420e+000  3.1399030e+000  2.4067763e+000
  1.0000000e+000  3.8197696e+000  2.7208998e+000  2.7611637e+000  2.8909230e+000  3.5211949e+000
  2.0000000e+000  2.3488537e+000  3.4029293e+000  2.4452773e+000  3.3714387e+000  2.5345562e+000
  1.0000000e+000  3.0207121e+000  2.9661345e+000  3.1996106e+000  3.2938207e+000  3.7746811e+000
  2.0000000e+000  2.8431804e+000  2.4553432e+000  2.7727062e+000  3.9018455e+000  3.3085835e+000
  2.0000000e+000  3.9753758e+000  4.3514820e+000  1.4052069e+000  4.8192258e+000  3.6419470e+000
  2.0000000e+000  4.3161096e+000  3.0162517e+000  1.5274353e+000  3.6512037e+000  2.2920611e+000
  2.0000000e+000  2.5394339e+000  6.2531940e-001  3.4059027e+000  2.8335062e+000  1.5646513e+000
  2.0000000e+000  1.1738185e+000  2.8907469e+000  3.0867842e+000  3.1456668e+000  3.9052548e+000
  2.0000000e+000  4.2244484e+000  3.5441288e+000  3.1483792e+000  1.9813466e+000  1.4213641e+000
  2.0000000e+000  2.1965932e+000  3.5221002e+000  1.3380035e+000  2.1769612e+000  3.8840847e+000
  2.0000000e+000  1.8657865e+000  4.4444978e+000  3.0051866e+000  3.4985699e+000  1.8244393e+000
  2.0000000e+000  2.2626431e+000  2.5853020e+000  3.9101446e+000  3.3755740e+000  3.4415090e+000
  2.0000000e+000  1.6235692e+000  2.1970830e+000  2.7821807e+000  3.4648507e+000  2.8682157e+000
  2.0000000e+000  2.8031661e+000  2.3091022e+000  2.8991900e+000  2.0497086e+000  2.9916529e+000
  2.0000000e+000  1.2477638e+000  2.3906043e+000  1.5805947e+000  3.6355771e+000  2.2174028e+000
  2.0000000e+000  4.1938841e+000  4.5458304e+000  4.0297533e+000  2.9838000e+000  4.2012871e+000
  2.0000000e+000  2.0896539e+000  2.5896450e+000  3.7985367e+000  3.8405412e+000  2.1733603e+000
  2.0000000e+000  2.9212308e+000  2.8220135e+000  3.0742852e+000  4.2722079e+000  3.2778745e+000
  2.0000000e+000  2.5193346e+000  2.6375129e+000  2.7342003e+000  3.9253564e+000  2.9070980e+000
  2.0000000e+000  2.0022671e+000  2.4940714e+000  3.0296786e+000  4.2290712e+000  3.0701846e+000
  2.0000000e+000  2.9757192e+000  3.0343663e+000  3.4712666e+000  2.8720176e+000  1.9463143e+000
  1.0000000e+000  3.1722506e+000  2.4286657e+000  3.4986401e+000  3.6321773e+000  2.7243953e+000
  2.0000000e+000  4.3046885e+000  2.8392446e+000  2.8470241e+000  2.7249654e+000  3.7904738e+000
  2.0000000e+000  2.6800768e+000  3.2799475e+000  3.8766206e+000  2.6514905e+000  2.4961089e+000
  2.0000000e+000  2.8912486e+000  3.2727969e+000  2.0973057e+000  4.2787284e+000  3.6900292e+000
  2.0000000e+000  2.5883086e+000  4.2453921e+000  4.5251267e+000  2.6349278e+000  3.6449673e+000
  1.0000000e+000  3.2403542e+000  3.2384456e+000  6.9239575e-001  3.2458851e+000  1.3422842e+000
  1.0000000e+000  3.1931456e+000  4.0257023e+000  2.7580235e+000  3.3402140e+000  2.1515977e+000
  2.0000000e+000  2.5645727e+000  2.8250052e+000  2.0244515e+000  2.0176574e+000  2.8812330e+000
  2.0000000e+000  2.7799200e+000  3.4414992e+000  3.0529568e+000  2.8490234e+000  2.5031357e+000
  1.0000000e+000  3.1170235e+000  3.2866337e+000  1.8205169e+000  2.8632750e+000  2.1063532e+000
  2.0000000e+000  3.7111321e+000  3.4365939e+000  2.9078305e+000  1.9937711e+000  2.7569636e+000
  2.0000000e+000  4.0878423e+000  3.7852848e+000 -3.9122139e-001  2.3079274e+000  1.5714090e+000
  2.0000000e+000  1.4521521e+000  3.8898666e+000  2.4667696e+000  3.0564193e+000  2.8356180e+000
  2.0000000e+000  1.8636537e+000  4.0563398e+000  1.3896532e+000  2.9007932e+000  2.2666187e+000
  2.0000000e+000  2.8810445e+000  2.5126853e+000  1.3690733e+000  4.2553293e+000  1.5163532e+000
  2.0000000e+000  3.8885920e+000  4.2453238e+000  3.0142290e+000  3.5247337e+000  2.4753336e+000
  2.0000000e+000  2.7158391e+000  3.4026217e+000  4.3804597e-001  3.8060994e+000  1.1769669e+000
  1.0000000e+000  3.3494681e+000  2.7722009e+000  1.8451515e+000  3.0979794e+000  4.4873383e+000
  2.0000000e+000  2.7180407e+000  3.1791033e+000  2.9920809e+000  3.2729777e+000  3.0676992e+000
  2.0000000e+000  4.5634837e+000  3.4856182e+000  4.8099575e+000  2.1170658e+000  2.3861407e+000
  2.0000000e+000  3.5482158e+000  2.1682704e+000  5.5867419e+000  4.1345930e-001  2.2874660e+000
  1.0000000e+000  3.0997118e+000  1.9579471e+000  3.9988051e+000  3.5930897e+000  2.1404802e+000
  1.0000000e+000  3.5724646e+000  2.3715956e+000  3.1962519e+000  3.1932549e+000  3.4620145e+000
  2.0000000e+000  2.3525236e+000  3.5891673e+000  2.2721438e+000  2.4722627e+000  2.5309087e+000
  1.0000000e+000  3.3058960e+000  3.9236149e+000  4.6388202e+000  3.6222939e+000  2.1128976e+000
  1.0000000e+000  3.1053451e+000  3.4260435e+000  2.7271873e+000  2.6498905e+000  4.5431689e+000
  1.0000000e+000  3.4993563e+000  3.2152566e+000  3.1524895e+000  2.4469310e+000  3.1306407e+000
  2.0000000e+000  3.9968809e+000  4.0716068e+000  2.9031151e+000  4.0889110e+000  1.6463970e+000
  2.0000000e+000  3.9697010e+000  3.7778687e+000  1.4335661e+000  3.7238882e+000  4.1039017e+000
  2.0000000e+000  3.0401469e+000  3.3106283e+000  4.9641267e+000  5.3194404e+000  4.3072835e+000
  1.0000000e+000  3.8457265e+000  3.0918374e+000  1.5618861e+000  2.7755683e+000  3.3953970e+000
  2.0000000e+000  3.3742684e+000  4.3075738e+000  2.7145588e+000  8.2300207e-001  3.0559187e+000
  2.0000000e+000  2.5084990e+000  2.9218365e+000  3.3482435e+000  2.2700181e+000  2.3692248e+000
  1.0000000e+000  3.2210596e+000  2.8854350e+000  2.0180829e+000  3.2560266e+000  3.3022633e+000
  2.0000000e+000  3.8004109e+000  1.9928005e+000  1.5264108e+000  1.4678257e+000  3.0637333e+000
  2.0000000e+000  4.3348832e+000  1.9740151e+000  4.5968885e+000  3.1456743e+000  2.3273173e+000
  2.0000000e+000  1.7317752e+000  2.1895664e+000  2.0559816e+000  2.2675675e+000  3.9291219e+000
  1.0000000e+000  3.0166946e+000  2.1726650e+000  3.1185450e+000  3.0032480e+000  3.3594888e+000
  1.0000000e+000  3.4596447e+000  3.3814656e+000  2.2795596e+000  2.3293305e+000  2.7845635e+000
  2.0000000e+000  2.7990548e+000  3.4771634e+000  2.4443381e+000  4.2119402e+000  1.9567451e+000
  2.0000000e+000  2.0425054e+000  3.5282192e+000  3.3220073e+000  4.2202843e+000  5.3310858e+000
  2.0000000e+000  2.3110567e+000  1.5129430e+000  2.9191907e+000  4.4919193e+000  4.2046067e+000
  2.0000000e+000  4.5878038e+000  3.5428553e+000  1.7365987e+000  3.6030005e+000  3.3477607e+000
  2.0000000e+000  4.2465672e+000  2.3446417e+000  2.6642363e+000  3.5280173e+000  4.2896685e+000
  2.0000000e+000  2.8652951e+000  2.8588531e+000  3.3060659e+000  2.9700725e+000  3.8470750e+000
  1.0000000e+000  3.7106152e+000  3.4695226e+000  3.6058372e+000  3.3434565e+000  4.3070370e+000
  2.0000000e+000  4.4310123e+000  3.3159028e+000  2.2151446e+000  2.2836042e+000  1.0469220e+000
  2.0000000e+000  3.5612538e+000  2.2805691e+000  3.1345609e+000  1.7935755e+000  3.6702512e+000
  1.0000000e+000  3.0809803e+000  3.5786565e+000  2.4177761e+000  3.6597699e+000  2.5857341e+000
  2.0000000e+000  3.2413647e+000  4.5035921e+000  4.2382411e+000  4.2129076e+000  2.4820761e+000
  2.0000000e+000  4.4389768e+000  1.3918247e+000  1.8847649e+000  2.3853271e+000  3.1362948e+000
  2.0000000e+000  2.7609995e+000  1.9892954e+000  2.8807806e+000  2.1880783e+000  3.8942895e+000
  2.0000000e+000  1.7334126e+000  3.0238691e+000  1.6532930e+000  3.1091122e+000  3.8159844e+000
  2.0000000e+000  2.9460694e+000  2.0633417e+000  2.9053729e+000  3.5452236e+000  4.4716045e+000
  1.0000000e+000  3.6713235e+000  1.8787805e+000  2.0563790e+000  3.1906701e+000  3.6494644e+000
  2.0000000e+000  4.2614372e+000  3.8709834e+000  3.7702794e+000  3.4334844e+000  4.5472642e+000
  2.0000000e+000  4.2273562e+000  2.7906330e+000  4.2167912e+000  4.6527321e+000  4.8668371e+000
  2.0000000e+000  2.4218742e+000  3.1547011e+000  3.5677883e+000  3.8985250e+000  2.4366513e+000
  2.0000000e+000  2.9394982e+000  2.3395354e+000  2.4253404e+000  7.6676901e-001  3.1072777e+000
  2.0000000e+000  5.8387903e+000  4.6709663e+000  1.4065838e+000  3.0476053e+000  9.8393570e-001
  2.0000000e+000  3.4817982e+000  7.9437134e-001  2.1564196e+000  1.1817813e+000  2.9187050e+000
  2.0000000e+000  2.0913452e+000  3.6407643e+000  2.4270280e+000  2.8183544e+000  2.9625680e+000
  2.0000000e+000  1.2309574e+000  4.5559533e+000  2.9848833e+000  2.9599183e+000  5.2391237e+000
  2.0000000e+000  2.5271549e+000  1.6237911e+000  3.3627177e+000  3.7197376e+000  2.4932182e+000
  2.0000000e+000  4.1162217e+000  1.5346392e+000  3.1479280e+000  2.4308504e+000  1.6473465e+000
  2.0000000e+000  2.5128804e+000  1.8852220e+000  4.2062445e+000  2.7685777e+000  2.9150778e+000
  1.0000000e+000  3.1100353e+000  3.6201976e+000  3.4687922e+000  2.5057279e+000  4.5717657e+000
  1.0000000e+000  3.6522429e+000  5.0856791e+000  4.0908442e+000  2.5321724e+000  1.3706993e+000
  2.0000000e+000  2.4776222e+000  3.0272457e+000  3.8090191e+000  4.0357759e+000  2.4694817e+000
  2.0000000e+000  4.9489803e+000  2.1942137e+000  2.5655744e+000  2.5306296e+000  2.4304680e+000
  2.0000000e+000  2.2109264e+000  3.4966807e+000  3.7111194e+000  4.2677009e+000  3.0978523e+000
  2.0000000e+000  4.2214323e+000  2.2906224e+000  3.5743597e+000  4.6966187e+000  2.7396530e+000
  2.0000000e+000  2.4281651e+000  3.7944061e+000  4.7442847e+000  4.0575762e+000  3.6358687e+000
  2.0000000e+000  3.1667908e+000  2.6263715e+000  2.8309532e+000  4.6940814e-001  2.9809939e+000
  2.0000000e+000  2.3553447e+000  1.8988999e+000  4.0164501e+000  6.4131934e+000  4.3284644e+000
  1.0000000e+000  3.5815285e+000  1.8741615e+000  3.2256135e+000  2.6807512e+000  1.7484993e+000
  2.0000000e+000  3.3786210e+000  1.0572328e+000  1.0219512e+000  1.8380644e+000  3.3773591e+000
  2.0000000e+000  2.0940242e+000  4.0942797e+000  3.3630963e+000  2.6643506e+000  2.8625778e+000
  2.0000000e+000  1.2357142e+000  3.5056671e+000  2.4691421e+000  2.9836189e+000  2.5934605e+000
  2.0000000e+000  2.5512400e+000  3.7966319e+000  4.3309428e+000  2.5068330e+000  3.7662693e+000
  2.0000000e+000  2.3916232e+000  3.5967513e+000  4.0790241e+000  7.7809057e-001  4.1669594e+000
  1.0000000e+000  3.2198177e+000  2.8876146e+000  3.7889298e+000  3.5903898e+000  4.8207241e+000
  2.0000000e+000  2.1258409e+000  2.8995207e+000  5.4963797e+000  1.5049714e+000  3.2484043e+000
  2.0000000e+000  4.0787906e+000  3.4473402e+000  3.6165653e+000  3.4100071e+000  2.7545370e+000
  2.0000000e+000  9.0597157e-001  2.7513192e+000  2.8362885e+000  3.3218258e+000  4.6545480e+000
  2.0000000e+000  4.4428965e+000  2.1313567e+000  3.5045802e+000  2.8720159e+000  3.8715864e+000
  1.0000000e+000  3.9497058e+000  4.1292996e+000  3.3734634e+000  2.8846119e+000  2.5092501e+000
  2.0000000e+000  4.3675804e+000  6.3836656e-001  4.0443517e+000  2.3919131e+000  2.5338521e+000
  2.0000000e+000  3.9756177e+000  2.7796443e+000  2.6895548e+000  2.1651662e+000  2.1681212e+000
  2.0000000e+000  4.0152318e+000  3.3723864e+000  2.8302123e+000  4.2156271e+000  4.4507000e+000
  2.0000000e+000  3.9545592e+000  1.2335926e+000  3.5372559e+000  3.7894331e+000  2.4422772e+000
  2.0000000e+000  2.5358986e+000  2.6185467e+000  3.4741191e+000  3.4262559e+000  1.2327361e+000
  2.0000000e+000  3.9090512e+000  3.0441542e+000  4.6692884e+000  1.9850953e+000  4.1126420e+000
  2.0000000e+000  2.8910751e+000  2.5177341e+000  3.7405024e+000  1.8153257e+000  1.1651053e+000
  2.0000000e+000  2.9088487e+000  4.3432417e+000  2.7588626e+000  2.0211461e+000  4.3491312e+000
  2.0000000e+000  2.7589905e+000  3.6650177e+000  1.3228231e+000  1.9033998e+000  2.3391437e+000
  1.0000000e+000  3.4977533e+000  3.6189175e+000  3.1279898e+000  2.4565729e+000  2.0674537e+000
  2.0000000e+000  3.9972761e+000  2.4065288e+000  3.5689066e+000  2.1416521e+000  3.5982701e+000
  1.0000000e+000  3.1501647e+000  1.9790817e+000  3.0359307e+000  2.6803543e+000  2.8129759e+000
  2.0000000e+000  1.0315939e+000  3.3695823e+000  1.0012212e+000  3.2374646e+000  2.1693910e+000
  2.0000000e+000  4.9678607e+000  4.3863404e+000  3.1822189e+000  4.1203713e+000  2.2580548e+000
  2.0000000e+000  2.6033308e+000  5.5595038e+000  2.4826498e+000  4.1381946e+000  2.6373928e+000
  2.0000000e+000  3.5898110e+000  3.6954603e+000  3.2881852e+000  4.0654614e+000  4.3172847e+000
  2.0000000e+000  4.3273613e+000  1.6341766e+000  1.9607913e+000  1.9115859e+000  2.3644638e+000
  1.0000000e+000  3.7214512e+000  3.2996837e+000  1.7805704e+000  2.6801223e+000  4.4191421e+000
  2.0000000e+000  1.2478584e+000  3.5380842e+000  3.9267972e+000  5.0297817e+000  3.4027889e+000
  1.0000000e+000  3.1174361e+000  2.1684071e+000  2.6755872e+000  2.8429615e+000  3.0477949e+000
  2.0000000e+000  3.0073087e+000  3.8786702e+000  2.3847710e+000  4.8048181e+000  3.2699748e+000
  2.0000000e+000  2.1812285e-001  2.9456337e+000  3.7508067e+000  3.6697534e+000  3.7754287e+000
  2.0000000e+000  4.4066239e+000  4.0664177e+000  8.3788808e-001  3.3374181e+000  2.8141460e+000
  1.0000000e+000  3.6649655e+000  3.2336399e+000  2.3665822e+000  2.4461497e+000  3.1999200e+000
  2.0000000e+000  4.8776319e+000  4.8516331e+000  2.9746125e+000  4.9052033e+000  4.7411360e+000
  2.0000000e+000  1.7109572e+000  4.3356995e+000  4.4882907e+000  2.2825699e+000  2.8714883e+000
  2.0000000e+000  1.8961639e+000  3.5592221e+000  2.0407428e+000  2.8867883e+000  1.7942179e+000
  2.0000000e+000  2.0016919e+000  3.5306469e+000  3.8928301e+000  3.2804030e+000  2.2947466e+000
  2.0000000e+000  1.9438811e+000  3.7950271e+000  3.8506645e+000  2.1011660e+000  1.9996946e+000
  2.0000000e+000  4.1573083e+000  2.9233112e+000  1.9750205e+000  1.0776089e+000  1.6531672e+000
  2.0000000e+000  2.3076256e+000  3.5656214e+000  4.5538254e+000  3.4673289e+000  2.1714588e+000
  2.0000000e+000  1.7095641e+000  5.0436542e+000  2.9965705e+000  1.8816327e+000  4.0630412e+000
  2.0000000e+000  5.6004495e+000  2.2757334e+000  2.7668778e+000  2.6290493e+000  4.1088336e+000
  2.0000000e+000  4.0599372e+000  3.7367614e+000  2.2428102e+000  1.3208157e+000  3.5136088e+000
  1.0000000e+000  3.2435193e+000  3.3663076e+000  3.1172945e+000  3.6557564e+000  1.7550070e+000
  2.0000000e+000  2.1237452e+000  2.6246448e+000  3.4025625e+000  2.3094861e+000  2.3834134e+000
  2.0000000e+000  9.6664292e-001  3.3698224e+000  2.6024894e+000  3.6138460e+000  3.8377326e+000
  2.0000000e+000  2.2226434e+000  3.9807127e+000  2.1144474e+000  4.6111976e+000  2.6685142e+000
  2.0000000e+000  4.6025409e+000  3.0640308e+000  4.5748880e+000  3.2729379e+000  2.8557667e+000
  2.0000000e+000  2.0046279e+000  2.2272041e+000  2.5206502e+000  1.4202308e+000  4.4688227e+000
  2.0000000e+000  9.2565441e-001  3.3024813e+000  4.2313791e+000  1.6765335e+000  2.7018592e+000
  1.0000000e+000  3.5706327e+000  3.6789628e+000  3.9277474e+000  3.4553630e+000  2.3325850e+000
  2.0000000e+000  2.2759889e+000  3.6748540e+000  1.8120374e+000  4.4122762e+000  3.1906923e+000
  2.0000000e+000  5.1500095e+000  2.3615376e+000  3.0383600e+000  2.6916295e+000  3.9083613e+000
  1.0000000e+000  3.5067153e+000  2.4228858e+000  3.1799033e+000  2.7041366e+000  1.5870379e+000
  2.0000000e+000  3.6754553e+000  2.2330239e+000  2.2726245e+000  4.0909263e+000  4.4319965e+000
  2.0000000e+000  2.2260228e+000  1.9545675e+000  3.1776526e+000  3.8960307e+000  2.6933617e+000
  2.0000000e+000  1.3890703e+000  2.8340131e+000  3.8501001e+000  2.7055670e+000  2.7849271e+000
  2.0000000e+000  4.5595556e+000  4.3282131e+000  3.7049651e+000  1.7142949e+000  2.7902674e+000
  1.0000000e+000  3.2429198e+000  1.8359113e+000  3.8652863e+000  3.0939684e+000  1.0313623e+000
  2.0000000e+000  4.7040930e+000  2.5697134e+000  2.8426133e+000  2.9793404e+000  1.3776564e+000
  2.0000000e+000  4.2267170e+000  2.5446176e+000  1.5236297e+000  3.5043507e+000  4.0985726e+000
  1.0000000e+000  3.5277842e+000  2.8308278e+000  3.4751677e+000  3.1064517e+000  2.5515367e+000
  2.0000000e+000  2.9899265e+000  4.3085766e+000  1.6940883e+000  1.8934184e+000  3.4864536e+000
  2.0000000e+000  4.1126195e+000  1.6083979e+000  3.4512391e+000  2.4991513e+000  1.2934813e+000
  2.0000000e+000  1.8452220e+000  3.6554014e+000  2.8083703e+000  2.4622622e+000  3.1161582e+000
  2.0000000e+000  1.6190613e+000  3.4339663e+000  3.6161899e+000  3.1663254e+000  1.7183573e+000
  2.0000000e+000  3.3216959e+000  5.2473444e+000  4.9114501e+000  1.9218803e+000  3.6607202e+000
  2.0000000e+000  3.2771210e+000  2.0571869e+000  1.7651582e+000  1.5396112e+000  3.4665910e+000
  2.0000000e+000  2.9780016e+000  3.1158721e+000  3.1606842e+000  1.9264094e+000  3.8072492e+000
  2.0000000e+000  3.7178629e+000  3.2571321e+000  4.5917470e+000  1.8755760e+000  4.4925829e+000
  1.0000000e+000  3.5594114e+000  3.1754819e+000  2.6421742e+000  3.7814753e+000  3.1914165e+000
  2.0000000e+000  3.1076505e+000  2.5482283e+000  1.5525239e+000  1.4818802e+000  1.3482357e+000
  2.0000000e+000  2.2793265e+000  3.2828687e+000  1.3388122e+000  2.6500477e+000  1.8425693e+000
  2.0000000e+000  1.6103365e+000  3.3160462e+000  3.9544528e+000  2.2757059e+000  1.5209985e+000
  2.0000000e+000  3.8325986e+000  3.7345891e+000  3.1246426e+000  2.4082998e+000  2.1336709e+000
  2.0000000e+000  4.2077666e+000  3.8818859e+000  3.4148255e+000  2.1568784e+000  1.8913567e+000
  2.0000000e+000  4.0687972e+000  3.8216855e+000  2.3900695e+000  2.1989448e+000  2.5872158e+000
  1.0000000e+000  3.0692256e+000  2.5254614e+000  4.9498755e+000  3.0823513e+000  1.8171576e+000
  1.0000000e+000  3.6468883e+000  2.6672157e+000  3.1147811e+000  3.5055981e+000  2.6255490e+000
  2.0000000e+000  2.3824875e+000  2.9247069e+000  3.0965567e+000  3.2905212e+000  4.2319951e+000
  2.0000000e+000  5.2214607e-001  2.6595067e+000  1.5189255e+000  2.3282231e+000  2.8148876e+000
  2.0000000e+000  5.5038282e+000  3.9405594e+000  3.4514888e+000  6.5409213e-001  3.8248860e+000
  1.0000000e+000  3.5505496e+000  4.6458481e+000  3.8594979e+000  3.1368961e+000  2.5316125e+000
  1.0000000e+000  3.2268694e+000  1.7036025e+000  3.7367097e+000  3.2672504e+000  2.7730237e+000
  2.0000000e+000  2.8244002e+000  4.0122411e+000  1.5491323e+000  1.9939888e+000  3.7117605e+000
  2.0000000e+000  3.4816031e+000  2.1998433e+000  1.9507271e+000  1.9134559e+000  3.8887653e+000
  2.0000000e+000  1.7451402e+000  3.5718716e+000  2.2173114e+000  3.0209828e+000  3.9747132e+000
  2.0000000e+000  2.3769595e+000  3.2164479e+000  4.8774459e+000  3.7329695e+000  2.8124255e+000
  1.0000000e+000  3.6960252e+000  1.5655064e+000  4.2755524e+000  2.6206868e+000  2.9183186e+000
  2.0000000e+000  2.5099379e+000  3.7684384e+000  4.9885286e+000  2.4917718e+000  1.8593612e+000
  2.0000000e+000  2.7629553e+000  2.1093939e+000  3.1678231e+000  2.3314970e+000  2.5022697e+000
  2.0000000e+000  8.0617134e-001  2.0267905e+000  2.7451545e+000  4.1948487e+000  3.9164552e+000
  2.0000000e+000  3.1404253e+000  3.7759672e+000  2.7790476e+000  1.7848558e+000  3.6613992e+000
  2.0000000e+000  2.8879327e+000  5.3535604e+000  3.1339113e+000  3.5338724e+000  2.4300562e+000
  1.0000000e+000  3.0892184e+000  3.6695792e+000  2.7236368e+000  2.2628730e+000  2.7160376e+000
  2.0000000e+000  1.9202590e+000  1.7764854e+000  2.8753401e+000  4.1333159e+000  2.4292939e+000
  2.0000000e+000  2.8792319e+000  3.0588738e+000  4.1959534e+000  2.1354103e+000  1.6386197e+000
  2.0000000e+000  4.0518207e+000  1.5469123e+000  2.9398196e+000  3.9204833e+000  1.3030132e+000
  2.0000000e+000  2.3018975e+000  1.1536838e+000  3.5331339e+000  2.4904192e+000  3.0004082e+000
  2.0000000e+000  1.4946035e+000  2.5192292e+000  2.2239634e+000  2.8271946e+000  2.6651245e+000
  2.0000000e+000  2.7956869e+000  3.1016428e+000  2.8081951e+000  2.3768567e+000 -1.9442389e-001
  1.0000000e+000  3.5463504e+000  2.3760654e+000  2.7677463e+000  2.7178314e+000  2.0719382e+000
  2.0000000e+000  4.5034422e+000  4.1276044e+000  4.7643064e+000  3.0366765e+000  2.8325521e+000
  2.0000000e+000  2.8283122e+000  3.9889416e+000  3.1891295e+000  1.7138680e+000  1.6206197e+000
  2.0000000e+000  2.5040085e+000  3.5286221e+000  2.3711519e+000  3.9590218e+000  3.4046142e+000
  2.0000000e+000  2.4816461e+000  1.8789845e+000  3.0969688e+000  3.1940169e+000  1.7235616e+000
  2.0000000e+000  4.3556406e+000  2.3538750e+000  3.7426270e+000  2.2409172e+000  2.6661485e+000
  1.0000000e+000  3.0741205e+000  2.9118685e+000  8.0204664e-001  3.9206302e+000  3.0373210e+000
  1.0000000e+000  3.6466207e+000  1.4524205e+000  2.3329232e+000  2.8796189e+000  2.9986414e+000
  2.0000000e+000  2.9447867e+000  2.3899465e+000  4.2664272e+000  2.5665293e+000  1.0627119e+000
  2.0000000e+000  2.6681694e+000  2.7287209e+000  2.8275195e+000  4.3562422e+000  2.6963384e+000
  2.0000000e+000  4.4168087e+000  1.4041364e+000  2.8775902e+000  2.8043846e+000  4.1359568e+000
  2.0000000e+000  3.4801766e+000  2.7558115e+000  2.2452975e+000  3.9654609e+000  3.2121957e+000
  2.0000000e+000  3.9275468e+000  1.5358019e+000  4.1441766e+000  2.4762617e+000  3.1261105e+000
  2.0000000e+000  1.7273546e+000  1.6070068e+000  3.0491839e+000  2.9217938e+000  3.1525564e+000
  2.0000000e+000  3.1241079e+000  2.4009179e+000  2.3021326e+000  4.3712797e+000  2.2698826e+000
  1.0000000e+000  3.6288096e+000  3.5011250e+000  1.5714043e+000  2.4158554e+000  1.8111751e+000
  2.0000000e+000  2.1889989e+000  3.0646949e+000  1.7027284e+000  3.1509671e+000  3.1911238e+000
  2.0000000e+000  2.4836021e+000  4.6911615e+000  3.1744703e+000  3.2891481e+000  2.8976638e+000
  2.0000000e+000  4.7458701e+000  4.2265959e+000  2.7085927e+000  1.0247607e+000  3.7226100e+000
  2.0000000e+000  1.6923166e+000  4.6541761e+000  2.7101283e+000  2.0894922e+000  4.0918846e+000
  2.0000000e+000  4.1457119e+000  1.7385926e+000  4.2630645e+000  3.5319726e+000  4.4478543e+000
  1.0000000e+000  3.3549066e+000  3.2796993e+000  2.8683626e+000  2.6377119e+000  3.1160311e+000
  2.0000000e+000  2.8230629e+000  2.9401244e+000  2.4185495e+000  3.8105309e+000  2.2811907e+000
  2.0000000e+000  2.3116483e+000  2.9860312e+000  3.7269654e+000  4.0694814e+000  4.2750520e+000
  2.0000000e+000  2.3291856e+000  3.8105120e+000  2.0519456e+000  4.2493305e+000  3.5557096e+000
  2.0000000e+000  2.8158690e+000  2.8723764e+000  3.5613560e+000  4.7248705e+000  2.1796326e+000
  2.0000000e+000  5.4911122e+000  6.0529129e+000  3.9399139e+000  3.5650607e+000  4.0343210e+000
  1.0000000e+000  3.0631346e+000  2.3795403e+000  2.3332784e+000  2.7403442e+000  3.0665924e+000
  2.0000000e+000  2.1041261e+000  2.3423284e+000  3.0122382e+000  4.6284030e+000  3.2744586e+000
  1.0000000e+000  3.2137267e+000  2.2077164e+000  1.6887166e+000  2.5420487e+000  4.1586921e+000
  2.0000000e+000  2.5025240e+000  3.6238161e+000  2.3763674e+000  3.6488950e+000  3.7810289e+000
  2.0000000e+000  3.5744825e+000  4.6868444e+000  2.7220744e+000  1.6047228e+000  3.9179295e+000
  2.0000000e+000  2.0779766e+000  3.3754033e+000  9.3213934e-001  1.7274620e+000  4.3067364e+000
  2.0000000e+000  2.3835359e+000  3.1056473e+000  3.4561430e+000  3.8032068e+000  3.5967948e+000
  2.0000000e+000  3.6555181e+000  4.2767384e+000  8.2469974e-001  2.1426021e+000  2.3071043e+000
  2.0000000e+000  1.9843611e+000  3.1094948e+000 -8.9177310e-002  1.7461138e+000  3.2590294e+000
  2.0000000e+000  4.8082160e+000  1.6326013e+000  1.9045203e+000  3.4434850e+000  2.8550452e+000
  1.0000000e+000  3.4255781e+000  3.4491061e+000  4.2566277e+000  3.2375331e+000  3.3005809e+000
  2.0000000e+000  2.9487415e+000  3.3402062e+000  3.1682186e+000  2.1200958e+000  2.1071538e+000
  2.0000000e+000  2.8335697e+000  1.1351885e+000  3.0736562e+000  2.7241773e+000  1.1070633e-001
  2.0000000e+000  4.5156635e+000  3.2470288e+000  2.3329375e+000  4.0144449e+000  2.6001093e+000
  2.0000000e+000  2.7551225e+000  2.5401630e+000  5.2739723e-001  3.2292357e+000  3.6557483e+000
  2.0000000e+000  1.8116981e+000  3.0280628e+000  3.5849257e+000  2.7097586e+000  2.7474408e+000
  2.0000000e+000  2.9438111e+000  2.1882681e+000  2.1112210e+000  2.8656889e+000  2.0583128e+000
  1.0000000e+000  3.3135461e+000  4.3792524e+000  4.6347732e+000  2.2028753e+000  2.7712312e+000
  2.0000000e+000  2.8205774e+000  3.4027276e+000  5.0806732e+000  1.9057862e+000  4.2406225e+000
  2.0000000e+000  2.8536200e+000  2.7942934e+000  2.7522375e+000  3.6255490e+000  1.0675932e+000
  1.0000000e+000  3.0501365e+000  2.2753328e+000  3.0510232e+000  3.2486950e+000  1.0126762e+000
  2.0000000e+000  3.5223858e+000  3.4803602e+000  1.9016213e+000  3.9856348e+000  1.5601954e+000
  2.0000000e+000  1.9833463e+000  3.3419139e+000  3.0883991e+000  2.4588887e+000  6.3172857e-001
  2.0000000e+000  2.8619638e+000  4.6106227e+000  3.3177372e+000  3.7249373e+000  3.3163345e+000
  1.0000000e+000  3.7100637e+000  1.6840829e+000  2.1137162e+000  3.2910220e+000  2.4556761e+000
  2.0000000e+000  1.0929430e+000  1.0257194e+000  3.7686125e+000  2.4716946e+000  2.6587222e+000
  2.0000000e+000  3.1788420e+000  3.8985683e+000  2.8555742e+000  1.8637799e+000  3.6641542e+000
  1.0000000e+000  3.3361520e+000  3.2612095e+000  3.7852528e+000  3.8324629e+000  2.3921273e+000
  2.0000000e+000  4.3074663e+000  1.3343162e+000  3.1826691e+000  3.2683837e+000  3.3654153e+000
  2.0000000e+000  3.9064700e+000  3.7265814e+000  3.0709367e+000  2.3870003e+000  3.4131428e+000
  2.0000000e+000  4.2642227e+000  3.4734344e+000  1.4907620e+000  2.3882806e+000  2.7960474e+000
  2.0000000e+000  1.9860057e+000  3.6440107e+000  2.5968373e+000  1.8404514e+000  2.1997057e+000
  1.0000000e+000  3.4371187e+000  1.5236581e+000  2.9442561e+000  2.5573613e+000  3.0260848e+000
  2.0000000e+000  3.1698206e+000  1.8195470e+000  2.2208213e+000  1.9474299e+000  2.9663077e+000
  1.0000000e+000  3.8132390e+000  3.1810611e+000  4.9762900e+000  3.5151973e+000  3.0592717e+000
  1.0000000e+000  3.5616560e+000  3.4226669e+000  2.5245579e+000  2.9141943e+000  1.8502997e+000
  2.0000000e+000  2.0504739e+000  2.3518697e+000  4.0743786e+000  3.6708347e+000  4.1051102e+000
  2.0000000e+000  2.9034993e+000  3.2294138e+000  3.3969278e+000  1.6634082e+000  2.0447950e+000
  2.0000000e+000  2.1998149e+000  2.1190155e+000  2.5849829e+000  4.1789170e+000  2.5768204e+000
  2.0000000e+000  5.0443956e+000  3.4933995e+000  4.0450661e+000  8.8208709e-001  1.9444380e+000
  2.0000000e+000  2.5361306e+000  2.8077686e+000  2.8937644e+000  2.1745821e+000  4.5584242e+000
  2.0000000e+000  1.6061875e+000  2.3902934e+000  3.1033583e+000  4.1612200e+000  3.4188189e+000
  2.0000000e+000  4.6817783e+000  4.4266546e+000  3.2421301e+000  2.6523924e+000  3.6536582e+000
  2.0000000e+000  1.7666457e+000  2.0742650e+000  2.6165161e+000  1.5411358e+000  2.7205374e+000
  2.0000000e+000  2.7287458e+000  2.9686999e+000  3.2762240e+000  3.3760014e+000  3.1984307e+000
  2.0000000e+000  7.9620214e-001  4.6492449e+000  3.4848802e+000  2.7339376e+000  2.8516415e+000
  2.0000000e+000  2.7629361e+000  3.5192238e+000  3.3399425e+000  2.6221746e+000  3.5546417e+000
  2.0000000e+000  3.9017599e+000  3.2133667e+000  3.8586459e+000  2.5367833e+000  4.4290207e+000
  2.0000000e+000  3.1901111e+000  2.8708531e+000  4.5573746e+000  1.6084884e+000  1.7305735e+000
  2.0000000e+000  6.3539098e-001  2.4093304e+000  2.8523758e+000  3.3141771e+000  1.3164768e+000
  2.0000000e+000  3.2759387e+000  3.7256587e+000  3.3899699e+000  4.0434712e+000  3.1582163e+000
  2.0000000e+000  1.0391897e+000  3.1431444e+000  2.3891174e+000  2.6017806e+000  4.4674557e+000
  2.0000000e+000  2.8465583e+000  3.2594630e+000  4.8887759e+000  2.3023522e+000  2.9945089e+000
  2.0000000e+000  3.9644480e+000  3.4935732e+000  2.2580605e+000  2.0229590e+000  1.3199830e+000
  2.0000000e+000  2.5267372e+000  4.7767074e+000  3.1998564e+000  3.1510190e+000  2.4966043e+000
  1.0000000e+000  3.3295512e+000  2.6152920e+000  9.1705794e-001  3.7920888e+000  1.8194397e+000
  2.0000000e+000  4.9158741e+000  3.6128620e+000  3.6937359e+000  2.2043810e+000  9.4616525e-001
  2.0000000e+000  2.3064091e+000  2.1765718e+000  3.9610064e+000  4.4708187e+000  4.8670397e+000
  2.0000000e+000  3.5319592e+000  3.8277193e+000  1.8144537e+000  1.4976011e+000  2.6893130e+000
  2.0000000e+000  3.9754695e+000  3.3330815e+000  1.7971542e+000  2.6224042e+000  2.6318016e+000
  2.0000000e+000  7.8705456e-001  4.9750523e+000  2.0863061e+000  1.9752822e+000  2.2868543e+000
  2.0000000e+000  2.4065308e+000  1.8944379e+000  2.1604093e+000  1.9734619e+000  3.7525443e+000
  2.0000000e+000  4.5422426e+000  3.5675899e+000  4.8503534e+000  3.9848961e+000  5.2225017e+000
  2.0000000e+000  2.5457993e+000  3.1469550e+000  3.4230748e+000  3.5769866e+000  3.8765208e+000
  2.0000000e+000  1.7993593e+000  4.3457265e+000  2.9275463e+000  2.5770501e+000  4.0630994e+000
  2.0000000e+000  3.4785845e+000  4.2945028e+000  2.7795761e+000  2.6232978e+000  5.2925586e+000
  2.0000000e+000  1.5444819e+000  2.1791787e+000  2.9947284e+000  1.9574363e+000  1.9937900e+000
  2.0000000e+000  2.0349125e+000  3.1053446e+000  2.4731817e+000  1.9342652e+000  1.9893621e+000
  2.0000000e+000  2.7169319e+000  3.3887155e+000  3.2580953e+000  4.4675188e+000  1.2523164e+000
  2.0000000e+000  3.4125842e+000  3.1204532e+000  3.8804303e+000  1.6923029e+000  4.3853624e+000
  2.0000000e+000  4.2848003e+000  3.2779433e+000  3.0144402e+000  2.1162576e+000  2.5067146e+000
  2.0000000e+000  2.3556057e+000  2.2764680e+000  2.2065052e+000  2.5034748e+000  2.7425312e+000
  1.0000000e+000  3.0171907e+000  1.4492104e+000  2.0203831e+000  3.1187618e+000  3.3063004e+000
  2.0000000e+000  2.6450161e+000  3.1977833e+000  2.8618953e+000  4.2782245e+000  3.6244199e+000
  2.0000000e+000  1.7814290e+000  4.4775719e+000  3.7420949e+000  4.9445902e+000  2.0288326e+000
  2.0000000e+000  4.2473363e+000  2.7017009e+000  3.7283511e+000  3.3998355e+000  3.6069897e+000
  2.0000000e+000  2.0872181e+000  3.3094347e+000  2.5491542e+000  9.9573548e-001  4.8150286e+000
  2.0000000e+000  2.6402376e+000  3.7169281e+000  4.3744690e+000  2.2519081e+000  2.8238950e+000
  2.0000000e+000  1.7441114e+000  2.9784701e+000  2.2887516e+000  2.7522539e+000  2.0906827e+000
  2.0000000e+000  2.8526717e+000  4.2958605e+000  3.2100511e+000  3.1620002e+000  1.1196715e+000
  2.0000000e+000  2.1030896e+000  2.6883504e+000  3.1798620e+000  3.5437197e+000  3.8010082e+000
  2.0000000e+000  2.1648422e+000  3.5358970e+000  2.5685304e+000  4.9586323e+000  4.9104257e+000
  1.0000000e+000  3.4297797e+000  2.5795123e+000  4.4063100e+000  3.5217680e+000  1.7223828e+000
  2.0000000e+000  1.0377898e+000  2.9454860e+000  2.9226399e+000  3.1648103e+000  2.9671981e+000
  2.0000000e+000  1.4224945e+000  3.0047764e+000  1.3787055e+000  4.0288760e+000  8.9167079e-001
  2.0000000e+000  4.1005101e+000  3.6160903e+000  1.6878323e+000  3.3450583e+000  4.0140431e+000
  1.0000000e+000  3.7089002e+000  2.0429782e+000  4.6984764e+000  2.6875438e+000  3.3076929e+000
  2.0000000e+000  2.3803629e+000  4.4953004e+000  3.3340489e+000  3.5679529e+000  4.2444242e+000
  1.0000000e+000  3.5076098e+000  4.0300046e+000  3.9652865e+000  2.3476353e+000  3.6478853e+000
  1.0000000e+000  3.4255798e+000  2.5757144e+000  4.4276888e+000  2.7978164e+000  2.3677113e+000
  2.0000000e+000  2.1440183e+000  6.3630198e-001  4.4851436e+000  2.3200348e+000  1.8681583e+000
  1.0000000e+000  3.1069119e+000  3.1554088e+000  1.9648632e+000  2.2056234e+000  3.1113876e+000
  2.0000000e+000  2.1924371e+000  2.8711455e+000  4.0407196e+000  3.0530743e+000  2.2658020e+000
  2.0000000e+000  3.0512415e+000  1.8879650e+000  4.5447130e+000  3.7562853e+000  5.0429368e+000
  1.0000000e+000  3.1679644e+000  1.4182757e+000  2.8762689e+000  3.6672409e+000  3.6359789e+000
  2.0000000e+000  4.0038427e+000  2.8672440e+000  1.7285593e+000  2.9975305e+000  2.6498672e+000
  2.0000000e+000  2.6917524e+000  4.1538832e+000  4.0805279e+000  3.1268231e+000  3.7531667e+000
  2.0000000e+000  1.8449713e+000  4.1840349e+000  3.0085268e+000  2.2876447e+000  2.0118221e+000
  2.0000000e+000  2.1016577e+000  2.8635100e+000  2.6095484e+000  1.8229671e+000  4.8877020e+000
  2.0000000e+000  2.6632470e+000  2.4625426e+000  1.5745507e+000  2.3306146e+000  1.9866067e+000
  2.0000000e+000  4.4687832e+000  3.2802938e+000  2.6367265e+000  4.2090564e+000  1.8292223e+000
  2.0000000e+000  2.9066742e+000  3.2654844e+000  4.2137925e+000  9.3049676e-001  4.1798269e+000
  1.0000000e+000  3.2488916e+000  3.3008500e+000  3.3765108e+000  3.0544316e+000  2.9619005e+000
  2.0000000e+000  3.3811822e+000  8.2307882e-001  8.9523458e-001  4.3654943e+000  3.9440091e+000
  2.0000000e+000  1.7356550e+000  2.9072767e+000  2.1219740e+000  2.7329469e+000  4.9884691e+000
  2.0000000e+000  3.9019392e+000  4.6204845e+000  2.4284059e+000  2.2527631e+000  1.3547970e+000
  2.0000000e+000  2.9047373e+000  4.0239395e+000  2.7679753e+000  1.4766496e+000  3.2188615e+000
  1.0000000e+000  3.2452672e+000  1.8327172e+000  2.5044048e+000  3.9416967e+000  2.5681744e+000
  2.0000000e+000  3.8371626e+000  3.8460947e+000  2.9028948e+000  1.8769508e+000  1.8498638e+000
  2.0000000e+000  1.9632271e+000  2.7392972e+000  2.4248499e+000  1.6294556e+000  2.3234270e+000
  2.0000000e+000  2.9715423e+000  2.8069296e+000  3.8520799e+000  2.4648055e+000  1.4828729e+000
  1.0000000e+000  3.1978027e+000  2.8463765e+000  1.5277939e+000  3.5533418e+000  2.2365506e+000
  2.0000000e+000  4.7965345e+000  3.0763303e+000  3.7467444e+000  4.4746775e+000  5.0592499e+000
  2.0000000e+000  6.2943945e+000  3.2051959e+000  3.2948212e+000  2.7005309e+000  3.0501774e+000
  2.0000000e+000  1.8108238e+000  8.5792556e-001  3.6300398e+000  2.8136300e+000  3.2712282e+000
  2.0000000e+000  2.7208406e+000  3.4397972e+000  3.2875356e+000  3.2544308e+000  1.0910154e+000
  2.0000000e+000  2.4553666e+000  3.2292485e+000  3.3922920e+000  3.2418962e+000  1.7827305e+000
  2.0000000e+000  2.3469719e+000  3.0858468e+000  1.6367048e+000  2.9609231e+000  4.4174990e+000
  2.0000000e+000  4.1867999e+000  4.8566229e+000  4.0995835e+000  3.1309335e+000  3.4229987e+000
  2.0000000e+000  2.7045317e+000  2.0632904e+000  3.1756305e+000  3.8430573e+000  2.9462852e+000
  1.0000000e+000  3.2598388e+000  3.9694154e+000  3.7638317e+000  3.5584647e+000  4.1383831e+000
  2.0000000e+000  1.9916355e+000  5.2961904e+000  4.8339623e+000  5.0436059e+000  1.4228596e+000
  2.0000000e+000  2.9533672e+000  4.3049546e+000  1.2812833e+000  1.3721649e+000  4.2882260e+000
  2.0000000e+000  4.1764300e+000  3.6927054e+000  2.1489472e+000  2.3956988e+000  4.1024551e+000
  2.0000000e+000  2.7348639e+000  1.5876016e+000  3.5478772e+000  2.1319130e+000  2.5066886e+000
  2.0000000e+000  1.3440522e+000  2.9657827e+000  3.0069840e+000  4.1264859e+000  3.0443163e+000
  2.0000000e+000  2.4884657e+000  1.0381700e+000  2.8881820e+000  3.9544172e+000  2.9236017e+000
  2.0000000e+000  2.4805988e+000  2.9451915e+000  2.4315864e+000  2.2048704e+000  2.5624856e+000
  2.0000000e+000  7.6898729e-001  3.0708127e+000  3.5117442e+000  2.7204789e+000  1.9641655e+000
  1.0000000e+000  3.3684020e+000  3.0995023e+000  3.5848743e+000  2.5125643e+000  2.7063192e+000
  2.0000000e+000  2.2000427e+000  1.8503499e+000  3.0655963e+000  3.2108720e+000  8.0893210e-001
  2.0000000e+000  2.9986283e+000  4.4464732e+000  3.0607156e+000  4.1263216e+000  2.0992080e+000
  2.0000000e+000  3.7810087e+000  3.4318526e+000  5.0547770e+000  5.6415338e+000  5.0017433e+000
  2.0000000e+000  3.2628270e+000  2.5831626e+000  4.1528408e+000  8.6617422e-001  3.0444049e+000
  2.0000000e+000  4.3310196e+000  2.5856525e+000  3.2344964e+000  3.6463589e+000  2.7097206e+000
  2.0000000e+000  2.2211410e+000  3.4788941e+000  2.9081647e+000  3.9601111e+000  3.0191197e+000
  1.0000000e+000  3.4297932e+000  3.3051351e+000  4.2647101e+000  2.7680383e+000  1.2725915e+000
  2.0000000e+000  2.9672529e+000  1.6966630e+000  2.8075717e+000  2.5817947e+000  4.3644712e+000
  2.0000000e+000  2.4205952e+000  3.2359894e+000  2.5092913e+000  2.4587248e+000  3.4773825e+000
  2.0000000e+000  1.8694991e+000  4.1723217e+000  4.6001685e+000  1.5153723e+000  2.1500289e+000
  1.0000000e+000  3.3055619e+000  3.5811460e+000  2.0257559e+000  2.9138714e+000  3.2166314e+000
  2.0000000e+000  4.1042712e+000  2.5577060e+000  4.0303818e+000  3.8300028e+000  1.8340821e+000
  2.0000000e+000  4.1262637e+000  1.9082200e+000  3.7001973e+000  3.9868927e+000  3.2915424e+000
  1.0000000e+000  3.4120645e+000  3.0975501e+000  2.2935521e+000  3.0527776e+000  3.0771057e+000
  2.0000000e+000  2.7018070e+000  2.6477121e+000  2.4200473e+000  2.5914315e+000  3.0480605e+000
  1.0000000e+000  3.1382927e+000  4.1464811e+000  2.5508142e+000  2.2359534e+000  4.0966384e+000
  2.0000000e+000  4.6118464e+000  2.7688851e+000  3.9812186e+000  2.5711109e+000  9.2407590e-001
  1.0000000e+000  3.2685918e+000  2.7647111e+000  2.9802950e+000  2.8964721e+000  2.9492042e+000
  2.0000000e+000  2.8289744e+000  3.6344961e+000  2.7154101e+000  1.3799731e+000  2.5246162e+000
  2.0000000e+000  1.7886924e+000  3.1589991e+000  4.2742428e+000  1.2836995e+000  2.0178762e+000
  2.0000000e+000  4.4049705e+000  2.6308759e+000  3.2660932e+000  1.9534594e+000  2.1017178e+000
  2.0000000e+000  9.0435925e-001  3.2261458e+000  3.9039712e+000  3.7284313e+000  2.9018794e+000
  2.0000000e+000  1.7556310e+000  2.5915678e+000  2.7480873e+000  2.0542425e+000  3.1445808e+000
  2.0000000e+000  1.1577331e+000  2.8891787e+000  2.1589595e+000  2.6633909e+000  3.0732641e+000
  2.0000000e+000  4.6539480e+000  3.5199247e+000  2.6306718e+000  2.2495750e+000  2.9238273e+000
  2.0000000e+000  2.9193686e+000  3.0962780e+000  2.2844738e+000  4.9704358e+000  4.8682904e+000
  2.0000000e+000  2.3124128e+000  2.2301451e+000  2.0664877e+000  2.1169953e+000  3.7690489e+000
  1.0000000e+000  3.3638156e+000  1.8606485e+000  2.4644891e+000  2.6790268e+000  1.3257171e+000
  2.0000000e+000  1.8409106e+000  4.4242544e+000  2.6375257e+000  4.8246588e+000  4.4014183e+000
  2.0000000e+000  2.6259788e+000  2.6485823e+000  3.7145964e+000  3.3387234e+000  1.1762446e+000
  2.0000000e+000  4.9955187e+000  2.2976839e+000  2.3267663e+000  4.4152368e+000  9.8987181e-001
  2.0000000e+000  1.7674722e+000  4.1136891e+000  4.0066855e+000  2.5898082e+000  3.8422267e+000
  2.0000000e+000  1.6273336e+000  1.3851097e+000  4.5117436e+000  1.3983368e+000  3.4135288e+000
  1.0000000e+000  3.0833854e+000  1.7812793e+000  2.2038840e+000  2.8873932e+000  3.9295664e+000
  2.0000000e+000  4.2101582e+000  2.2003598e+000  2.8356605e+000  3.1592773e+000  2.1186477e+000
  2.0000000e+000  1.8525683e+000  1.7791494e+000  2.0338104e+000  3.4262136e+000  2.2994534e+000
  2.0000000e+000  3.5231147e+000  2.7768852e+000  2.3725509e+000  1.9557277e+000  4.9168163e+000
  2.0000000e+000  2.1812938e+000  4.1124491e+000  2.1959588e+000  1.4516748e+000  3.3905132e+000
  2.0000000e+000  2.9165584e+000  3.7815408e+000  3.5037398e+000  2.1858249e+000  4.2089228e+000
  2.0000000e+000  2.9998908e+000  2.8236823e+000  3.7655066e+000  2.6228923e+000  3.4063104e+000
  1.0000000e+000  3.3403907e+000  3.3699640e+000  3.7581672e+000  3.2115896e+000  4.2559240e+000
  1.0000000e+000  3.3915396e+000  2.2355924e+000  2.9135194e+000  2.8048307e+000  2.9841525e+000
  2.0000000e+000  3.6977508e+000  3.6691880e+000  5.0952739e+000  2.2589713e+000  4.7608586e+000
  1.0000000e+000  3.0772662e+000  4.6435913e+000  3.2688814e+000  3.8350805e+000  2.8846433e+000
  1.0000000e+000  3.4594598e+000  2.8404373e+000  1.3802347e+000  2.2575510e+000  2.2524353e+000
  2.0000000e+000  1.8969917e+000  3.8056904e+000  3.2916777e+000  1.2603966e+000  2.9602913e+000
  2.0000000e+000  1.3752946e+000  4.1718946e+000  2.2554097e+000  3.4898572e+000  5.0819214e+000
  2.0000000e+000  5.0371096e+000  2.2780088e+000  2.4655436e+000  4.0613785e+000  3.7566250e+000
  2.0000000e+000  1.3898476e+000  3.7857004e+000  2.4211703e+000  2.5679375e+000  1.3864739e+000
  2.0000000e+000  3.8390997e+000  3.0095615e+000  3.3893084e+000  3.8805512e+000  2.8750710e+000
  2.0000000e+000  4.9053039e+000  8.3175988e-001  1.8524460e+000  3.4211812e+000  3.4211453e+000
  2.0000000e+000  4.9201127e+000  8.3565594e-001  1.8033878e+000  3.5224323e+000  3.1011237e+000
  2.0000000e+000  1.7939994e+000  2.7986355e+000  3.4553052e+000  1.4352285e+000  2.0417576e+000
  2.0000000e+000  2.9545512e+000  3.2110170e+000  2.6771046e+000  2.4946266e+000  3.7987387e+000
  2.0000000e+000  1.7469402e+000  2.6811191e+000  3.3938059e+000  2.0471540e+000  2.8006187e+000
  2.0000000e+000  2.7369163e+000  1.5155428e+000  2.4013826e+000  2.1169733e+000  4.9689323e+000
  2.0000000e+000  2.7127994e+000  2.9303205e+000  1.4083773e+000  4.6575022e+000  1.4688267e+000
  2.0000000e+000  2.3378032e+000  4.0367060e+000  4.0680572e+000  1.4235892e+000  2.6374730e+000
  2.0000000e+000  1.8986956e+000  3.5479721e+000  3.3920629e+000  3.0337480e+000  1.4984361e+000
  2.0000000e+000  1.1128649e+000  4.3409633e+000  1.3777988e+000  1.2382752e+000  3.2551704e+000
  2.0000000e+000  2.1492827e+000  3.8210415e+000  4.8615925e+000  2.0274597e+000  1.9571727e+000
  2.0000000e+000  2.9255037e+000  4.1242169e+000  4.3410300e+000  2.2963737e+000  2.4830638e+000
  2.0000000e+000  1.3424365e+000  3.4779969e+000  4.3166260e+000  5.1024542e+000  1.2435027e+000
  2.0000000e+000  4.0182807e+000  1.1478148e+000  4.6996422e+000  3.6853130e+000  4.2396596e+000
  2.0000000e+000  4.1274856e+000  2.6490349e+000  4.6860510e+000  1.9148660e+000  3.5740949e+000
  2.0000000e+000  1.3343116e+000  1.5065277e+000  3.5776739e+000  2.5198546e+000  5.4813801e+000
  1.0000000e+000  3.6351324e+000  9.7903102e-001  3.1120793e+000  2.7603972e+000  1.5603784e+000
  2.0000000e+000  1.9306820e+000  1.3031969e+000  2.7284770e+000  1.9965058e+000  2.4803315e+000
  2.0000000e+000  2.6728715e+000  2.1456960e+000  4.1593556e+000  2.6435300e+000  4.2430638e+000
  2.0000000e+000  2.9874320e+000  3.7188635e+000  3.6013529e+000  2.4841277e+000  2.1753902e+000
  2.0000000e+000  1.4213987e+000  1.9742421e+000  4.1446360e+000  3.1985066e+000  4.5951530e+000
  2.0000000e+000  3.2120893e+000  3.4158044e+000  2.7000712e+000  4.2274506e+000  3.2556371e+000
  2.0000000e+000  2.5830586e+000  4.9553482e+000  4.7676964e+000  5.9073468e-001  3.4643645e+000
  2.0000000e+000  2.6766077e+000  3.3117837e+000  2.6951627e+000  3.1137051e+000  5.1740604e+000
  2.0000000e+000  2.4502608e+000  3.1813178e+000  3.8545481e+000  2.7607623e+000  1.8856087e+000
  2.0000000e+000  1.9675509e+000  4.6406632e+000  2.1928100e+000  3.7148863e+000  1.6735270e+000
  2.0000000e+000  2.1706960e+000  2.3825787e+000  2.5908997e+000  4.2385174e+000  2.5402545e+000
  2.0000000e+000  4.0221289e+000  3.2121384e+000  3.5650336e+000  3.0937996e+000  1.4305447e+000
  2.0000000e+000  5.4034086e+000  5.4233261e+000  3.1727123e+000  7.2124770e-001  1.9832461e+000
  1.0000000e+000  3.2285332e+000  2.7003161e+000  1.8664960e+000  3.7390864e+000  2.0267711e+000
  2.0000000e+000  4.5321054e+000  2.4273560e+000  1.5574253e+000  3.4195553e+000  2.8801362e+000
  2.0000000e+000  2.5619184e+000  4.3328125e+000  4.1931768e+000  3.7873117e+000  2.8740560e+000
  2.0000000e+000  2.3072682e+000  1.9585446e+000  3.1081548e+000  4.5417010e+000  1.7157457e+000
  2.0000000e+000  4.3819870e+000  1.3358357e+000  1.6226470e+000  3.5344966e+000  3.4458911e+000
  1.0000000e+000  3.1018384e+000  2.4547677e+000  3.5623542e+000  2.3657025e+000  3.7464133e+000
  2.0000000e+000  4.5851125e+000  4.9485259e+000  2.0683967e+000  2.9003045e+000  2.7995626e+000
  1.0000000e+000  3.7250722e+000  3.0146435e+000  1.9163771e+000  3.2485807e+000  3.9378374e+000
  2.0000000e+000  4.5064305e+000  2.9332161e+000  1.8317886e+000  2.2499549e+000  2.9959277e+000
  2.0000000e+000  4.2489460e+000  2.4025593e+000  1.0274446e+000  2.8921060e+000  1.7832486e+000
  2.0000000e+000  1.6876217e+000  4.1020719e+000  3.0048587e+000  2.2984359e+000  2.3112004e+000
  2.0000000e+000  4.2853863e+000  4.0900732e+000  1.9366569e+000  2.9398903e+000  3.4665724e+000
  1.0000000e+000  3.2557089e+000  3.2220116e+000  2.9497908e+000  3.7550598e+000  2.5626177e+000
  2.0000000e+000  2.3659181e+000  2.9001663e+000  2.8070582e+000  2.9688231e+000  3.1913840e+000
  1.0000000e+000  3.4734300e+000  4.3801415e+000  2.2711724e+000  3.7748565e+000  3.1537533e+000
  2.0000000e+000  2.0733588e+000  2.6474549e+000  3.4750528e+000  2.4461153e+000  3.7340277e+000
  2.0000000e+000  3.1302968e+000  2.5571551e+000  8.3472276e-001  4.0316192e+000  4.2937836e+000
  2.0000000e+000  2.1596570e+000  1.4024587e+000  2.2975378e+000  3.0859906e+000  3.6576116e+000
  2.0000000e+000  2.9751161e+000  5.8951747e+000  3.4298075e+000  3.5511619e+000  1.2000309e+000
  2.0000000e+000  2.1936688e+000  2.0964357e+000  2.5912459e+000  2.4640988e+000  3.1112851e+000
  2.0000000e+000  3.8352740e+000  4.3004185e+000  2.1989819e+000  5.6720385e+000  1.7786099e+000
  2.0000000e+000  2.7912391e+000  3.7744779e+000  2.5309909e+000  3.1099771e+000  2.9407596e+000
  2.0000000e+000  2.7392613e+000  2.6917952e+000  2.3415565e+000  2.8832637e+000  1.7044774e+000
  2.0000000e+000  1.3248567e+000  4.2589284e+000  3.5539213e+000  2.1716333e+000  3.0335552e+000
  1.0000000e+000  3.3725082e+000  3.0249512e+000  2.8513670e+000  2.9744454e+000  3.2825321e+000
  2.0000000e+000  2.1056423e+000  4.2588160e+000  2.5317899e+000  2.5737327e+000  2.4256516e+000
  2.0000000e+000  2.7443481e+000  3.1879202e+000  3.1071590e+000  1.8899074e+000  2.3802146e+000
  1.0000000e+000  3.2205595e+000  1.5961274e+000  2.9374639e+000  2.4497241e+000  3.8688049e+000
  1.0000000e+000  3.1764510e+000  2.3470178e+000  3.6110225e+000  2.0205802e+000  1.9698983e+000
  2.0000000e+000  5.8701724e+000  5.4187600e+000  3.9955332e+000  4.0270385e+000  2.4687087e+000
  2.0000000e+000  2.5623610e+000  1.9493640e+000  2.0440306e+000  3.6160206e+000  3.8317986e+000
  2.0000000e+000  4.6860417e+000  5.2241569e+000  3.4495075e+000  4.0785244e+000  3.9396577e+000
  2.0000000e+000  4.6082745e+000  2.2739283e+000  4.8384284e+000  3.4223204e+000  3.3430207e+000
  2.0000000e+000  4.4895253e+000  2.2155944e+000  1.6333628e+000  2.5470227e+000  2.6261706e+000
  2.0000000e+000  3.7801252e+000  3.2419888e+000  2.9863650e+000  2.1248088e+000  1.6385064e+000
  2.0000000e+000  2.3685440e+000  1.6907114e+000  2.3667583e+000  4.3018239e+000  2.6005900e+000
  2.0000000e+000  4.3645737e+000  2.7461294e+000  4.2420577e+000  2.8073271e+000  3.1977479e+000
  2.0000000e+000  4.1636996e+000  4.0127563e+000  3.1329011e+000  2.0393736e+000  5.0821119e+000
  2.0000000e+000  2.9612605e+000  3.7353413e+000  5.8631001e+000  3.5874599e+000  2.9931312e+000
  1.0000000e+000  3.4510875e+000  3.8626108e+000  3.1169016e+000  3.5855755e+000  2.0992973e+000
  2.0000000e+000  2.3696620e+000  2.3997818e+000  4.0988418e+000  4.7065565e+000  4.5300318e+000
  1.0000000e+000  3.0031319e+000  2.6271595e+000  2.2392477e+000  3.6435958e+000  4.5189735e+000
  2.0000000e+000  3.5830214e+000  3.5359253e+000  3.0293792e+000  4.1140846e+000  2.4272808e+000
  2.0000000e+000  2.3621066e+000  2.3363718e+000  3.6197262e+000  4.5440246e+000  3.6397584e+000
  2.0000000e+000  3.7550404e+000  1.9496704e+000  4.2547836e+000  2.1625502e+000  2.3791750e+000
  1.0000000e+000  3.2757883e+000  2.4681424e+000  3.6476360e+000  3.6365971e+000  4.0485472e+000
  2.0000000e+000  2.6919737e+000  1.8110407e+000  2.5653311e+000  2.7684194e+000  2.2149269e+000
  2.0000000e+000  2.1887814e+000  3.0186446e+000  1.8449293e+000  5.9054947e+000  2.9531496e+000
  2.0000000e+000  1.4687401e+000  3.8765868e+000  1.0234367e+000  3.8837717e+000  2.2662643e+000
  2.0000000e+000  4.1325897e+000  3.1983867e+000  3.8405434e+000  2.5527941e+000  3.4342432e+000
  2.0000000e+000  2.6460232e+000  1.9924573e+000  1.6408863e+000  2.1745704e+000  3.5834261e+000
  2.0000000e+000  2.4080829e+000  3.2199004e+000  3.3775745e+000  3.4305412e+000  3.2439759e+000
  2.0000000e+000  2.5241823e+000  2.6874901e+000  4.5779769e+000  4.5949294e+000  4.7540654e+000
  2.0000000e+000  2.5578299e+000  3.7206707e+000  3.2894222e+000  3.9229930e+000  1.7805517e+000
  2.0000000e+000  2.3850322e+000  2.3904877e+000  4.3973515e+000  4.8887378e+000  2.5266434e+000
  2.0000000e+000  4.4692270e+000  3.8440565e+000  2.8985899e+000  3.1734524e+000  2.3284950e+000
  1.0000000e+000  3.9019919e+000  4.1898717e+000  3.3636209e+000  2.6247668e+000  2.6109503e+000
  2.0000000e+000  4.7463816e+000  2.9533537e+000  1.9663567e+000  4.0716856e+000  3.6525978e+000
  2.0000000e+000  2.1372715e+000  4.3341374e+000  2.5690256e+000  2.7239890e+000  3.6504136e+000
  2.0000000e+000  2.7448274e+000  3.0320763e+000  3.8547520e+000  3.7000129e+000  2.5268362e+000
  1.0000000e+000  3.9677013e+000  2.0572431e+000  5.0269724e+000  3.0404209e+000  3.1716183e+000
  2.0000000e+000  2.4657218e+000  3.6710553e+000  2.9755209e+000  3.7472829e+000  3.7855621e+000
  2.0000000e+000  1.9097453e+000  2.3227981e+000  2.8483410e+000  1.8558435e+000  2.3885028e+000
  2.0000000e+000  4.7322733e+000  2.7796065e+000  2.7650832e+000  2.3208788e+000  2.6506601e+000
  2.0000000e+000  2.8689018e+000  2.7680884e+000  2.0478750e+000  6.6938399e-001  3.0884052e+000
  2.0000000e+000  3.0863808e+000  3.8431762e+000  2.1155380e+000  1.7243133e+000  4.1521358e+000
  2.0000000e+000  3.7799995e+000  3.4466804e+000  2.4790903e+000  5.6684720e+000  3.0653414e+000
  2.0000000e+000  2.5457796e+000  5.6598045e+000  3.0471286e+000  2.2700834e+000  2.5343063e+000
  1.0000000e+000  3.5423123e+000  3.4980371e+000  3.0622160e+000  3.2116880e+000  3.9658752e+000
  1.0000000e+000  3.2350619e+000  3.9419355e+000  2.5182022e+000  2.7039488e+000  3.5946141e+000
  2.0000000e+000  3.2000946e+000 -1.3485293e-001  1.9993321e+000  3.1000239e+000  6.1315860e-002
  2.0000000e+000  2.6682168e+000  2.4272017e+000  4.3165707e+000  3.6649321e+000  3.4119756e+000
  2.0000000e+000  5.4099421e+000  3.0190973e+000  2.1892907e+000  3.2889882e+000  4.5197524e+000
  2.0000000e+000  2.6765804e+000  1.7211202e+000  4.2092365e+000  2.6623975e+000  3.0784817e+000
  2.0000000e+000  4.2470228e+000  4.0406388e+000  4.9811364e+000  2.5660419e+000  1.2474844e+000
  2.0000000e+000  2.1856341e+000  3.3199437e+000  5.8439768e+000  2.5721645e+000  3.4741761e+000
  2.0000000e+000  1.7675814e+000  4.8689963e+000  2.4480679e-002  3.9956392e+000  2.4475831e+000
  1.0000000e+000  3.0627128e+000  3.0937035e+000  4.0620226e+000  2.0725840e+000  1.4474264e+000
  2.0000000e+000  2.6754793e+000  2.1514639e+000  3.5664736e+000  4.2113364e+000  2.6945480e+000
  2.0000000e+000  1.6408246e+000  1.8782744e+000  2.7482431e+000  5.1838867e+000  1.5994060e+000
  2.0000000e+000  1.6953628e+000  5.5050677e+000  2.7335426e+000  3.7162702e+000  3.6604563e+000
  2.0000000e+000  4.0813451e+000  1.7576802e+000  4.9134348e+000  3.9097049e+000  3.9606055e+000
  2.0000000e+000  3.9750232e+000  4.6794417e+000  3.1683596e+000  2.2167258e+000  1.5600541e+000
  2.0000000e+000  2.2023395e+000  3.2888824e+000  6.7624391e-001  1.7434270e+000  2.6320519e+000
  2.0000000e+000  4.0474002e+000  2.8483858e+000  3.3303811e+000  4.6018886e+000  3.2317801e+000
  2.0000000e+000  4.3201733e+000  1.8827434e+000  4.4459483e+000  2.7445608e+000  2.2954567e+000
  2.0000000e+000  2.5911973e+000  3.7166047e-001  3.0259953e+000  2.1717934e+000  3.6575799e+000
  2.0000000e+000  3.2293733e+000  2.2281332e+000  4.4373232e+000  4.1168851e+000  3.1376653e+000
  2.0000000e+000  1.8771507e+000  2.4114387e+000  4.3048044e+000  2.2879215e+000  4.1703751e+000
  2.0000000e+000  2.2031877e+000  3.4332219e+000  3.7008971e+000  3.1881939e+000  4.8332042e+000
  2.0000000e+000  4.2223014e+000  3.5162190e+000  3.3365272e+000  3.6767531e+000  3.8200064e+000
  2.0000000e+000  4.0820607e+000  3.2959010e+000  2.9120481e+000  1.2101026e+000  2.9682237e+000
  2.0000000e+000  2.1556878e+000  3.5050295e+000  3.6715377e+000  3.9727789e+000  2.5235706e+000
  2.0000000e+000  2.8973543e+000  3.0897257e+000  1.8596431e+000  2.1796420e-001  3.6971814e+000
  2.0000000e+000  4.1920433e+000  3.8859986e+000  3.1061339e+000  3.8483262e+000  1.8730992e+000
  2.0000000e+000  2.6317429e+000  4.9110217e+000  1.7282093e+000  2.8113859e+000  3.2927418e+000
  2.0000000e+000  2.4217582e+000  4.0557406e+000  2.0099046e+000  3.7323748e+000  1.7611461e+000
  2.0000000e+000  1.5243383e+000  3.9826831e+000  1.7219341e+000  2.0329950e+000  3.6551742e+000
  2.0000000e+000  4.0165237e+000  2.2909547e+000  2.5124674e+000  3.0554804e+000  3.4534302e+000
  2.0000000e+000  2.0624342e+000  3.3184104e+000  3.0896064e+000  1.5190796e+000  4.2473821e+000
  2.0000000e+000  4.3665414e+000  4.7901317e+000  3.7345105e+000  2.5210141e+000  2.6479339e+000
  1.0000000e+000  3.2285760e+000  1.6316262e+000  3.4644452e+000  2.8120200e+000  4.2692787e+000
  2.0000000e+000  3.5112657e+000  3.2847725e+000  4.9501233e+000  3.9084260e+000  3.2863735e+000
  2.0000000e+000  2.4553041e+000  1.4978851e+000  3.9814184e+000  2.0003194e+000  3.6441505e+000
  2.0000000e+000  2.0388089e+000  3.2521459e+000  3.4854583e+000  3.2627750e+000  2.5024052e+000
  2.0000000e+000  5.3087189e-001  2.5887047e+000  2.1826741e+000  5.3929475e+000  1.7606369e+000
  2.0000000e+000  4.1077087e+000  2.7230480e+000  3.6300510e+000  1.7360362e+000  4.0943979e+000
  2.0000000e+000  4.1053034e+000  3.6115643e+000  3.8327360e+000  3.4577483e+000  4.0630517e+000
  2.0000000e+000  3.7749029e+000  2.3571390e+000  1.8662635e+000  2.1867815e+000  2.6395065e+000
  1.0000000e+000  3.8345701e+000 -9.9637164e-002  1.7942681e+000  3.5124480e+000  2.4027563e+000
  2.0000000e+000  5.2704617e+000  2.4584522e+000  1.7903564e+000  3.4084110e+000  1.9410118e+000
  2.0000000e+000  4.3781639e+000  2.7732057e+000  3.6954000e+000  4.0572430e+000  5.0297965e+000
  2.0000000e+000  2.2210702e+000  3.9063871e+000  1.8023356e+000  2.9117192e+000  2.9069213e+000
  1.0000000e+000  3.9491549e+000  2.8979803e+000  4.0395140e+000  2.8437808e+000  2.8111317e+000
  2.0000000e+000  2.3737980e+000  2.0426853e+000  2.8892405e+000  2.9145214e+000  2.0018227e+000
  2.0000000e+000  2.8326009e+000  2.9885775e+000  2.5571294e+000  3.5609621e+000  2.4536302e+000
  2.0000000e+000  3.3917030e+000  2.6571827e+000  2.8288166e+000  3.7959035e+000  1.4820802e-001
  2.0000000e+000  4.0678381e-001  2.6394772e+000  2.7298882e+000  3.1010760e+000  3.6982521e+000
  2.0000000e+000  4.2257012e+000  4.4553881e+000  2.2177265e+000  1.3981409e+000  1.9217077e+000
  1.0000000e+000  3.5939868e+000  1.5319466e+000  3.7105825e+000  2.9964701e+000  4.5072300e+000
  2.0000000e+000  1.3480142e+000  1.8363424e+000  3.0192423e+000  1.7240716e+000  3.8843328e+000
  2.0000000e+000  2.2752861e+000  4.1883607e+000  1.8839790e+000  4.3160909e+000  1.7006547e+000
  2.0000000e+000  2.5994952e+000  2.6756872e+000  4.4907928e+000  2.4455252e+000  3.2185501e+000
  2.0000000e+000  2.4422627e+000  3.8860111e+000  3.7311250e+000  1.9624860e+000  4.0506949e+000
  2.0000000e+000  3.7269822e+000  3.4214233e+000  3.4444747e+000  1.5423325e+000  2.2080234e+000
  2.0000000e+000  1.6655215e+000  3.2240690e+000  2.7539825e+000  1.9238116e+000  3.1625354e+000
  2.0000000e+000  1.0128504e+000  3.7832026e+000  3.7558149e+000  2.3117053e+000  3.7120015e+000
  2.0000000e+000  2.8712858e+000  2.1814899e+000  4.5029642e+000  2.6005569e+000  1.8878181e+000
  2.0000000e+000  2.7497795e+000  3.7777060e+000  1.6257359e+000  3.1474797e+000  4.0141544e+000
  2.0000000e+000  2.9920052e+000  2.0469522e+000  3.8607287e+000  3.9110628e+000  3.8771179e+000
  2.0000000e+000  2.8309383e+000  2.1747839e+000  3.1972490e+000  3.9216436e+000  3.7098973e+000
  2.0000000e+000  2.3397548e+000  3.0293451e+000  2.1133037e+000  2.4534197e+000  3.9050482e+000
  2.0000000e+000  2.9715760e+000  3.6597075e+000  2.6574529e+000  3.2312583e+000  2.3743861e+000
  1.0000000e+000  3.4571918e+000  4.2683647e+000  2.8366048e+000  3.1050679e+000  2.4479029e+000
  2.0000000e+000  1.9718219e+000  1.6781970e+000  3.2011467e+000  5.3984339e+000  5.6271242e-001
  1.0000000e+000  3.2854727e+000  2.3832239e+000  3.1902233e+000  2.6539866e+000  1.1079727e+000
  2.0000000e+000  3.0864951e+000  2.9463154e+000  2.3275832e+000  3.5232216e-001  2.4370786e+000
  2.0000000e+000  4.3004676e+000  3.6099502e+000  2.0818282e+000  2.1858991e+000  1.1830341e+000
  1.0000000e+000  3.1222930e+000  3.7039524e+000  2.6572373e+000  3.5810489e+000  2.5586790e+000
  2.0000000e+000  4.2561446e+000  2.7349519e+000  3.5318561e+000  2.4332133e+000  3.2791969e+000
  2.0000000e+000  3.7754659e+000  3.2005189e+000  3.2083104e+000  1.7377818e+000  4.1218786e+000
  2.0000000e+000  4.6488916e+000  2.6417802e+000  4.9202103e+000  4.0968769e+000  4.5744864e+000
  1.0000000e+000  3.4889516e+000  2.9786089e+000  2.7042638e+000  2.9058822e+000  4.7183665e+000
  2.0000000e+000  2.5361073e+000  3.9440219e+000  2.8390751e+000  2.2762116e+000  2.7278078e+000
  2.0000000e+000  1.8795557e+000  2.7690627e+000  2.1453299e+000  3.7118223e+000  3.3442295e+000
  2.0000000e+000  2.1585034e+000  2.9897206e+000  3.1331785e+000  2.3929235e+000  2.2805782e+000
  2.0000000e+000  2.0689215e+000  2.3495211e+000  2.4044704e+000  4.1810877e+000  3.7440374e+000
  2.0000000e+000  1.1682036e+000  4.5387419e+000  2.9781817e+000  5.3864885e+000  4.1890644e+000
  2.0000000e+000  3.9077141e+000  1.1803103e+000  3.7320537e+000  2.2144900e+000  2.9924056e+000
  2.0000000e+000  1.6485027e+000  2.4967471e+000  3.7388231e+000  2.4983760e+000  1.8697271e+000
  2.0000000e+000  3.7303029e+000  2.8490309e+000  2.9237534e+000  1.7187102e+000  3.2767533e+000
  2.0000000e+000  2.4736477e+000  3.4684551e+000  2.6632047e+000  2.4746819e+000  2.9366286e+000
  1.0000000e+000  3.7620079e+000  3.3451685e+000  2.6921501e+000  2.7418091e+000  3.0072121e+000
  1.0000000e+000  3.5174760e+000  1.1286238e+000  3.1366177e+000  2.6582003e+000  3.0916533e+000
  2.0000000e+000  9.2202954e-001  2.1465791e+000  2.5230205e+000  3.1129418e+000  2.5712367e+000
  1.0000000e+000  3.6751028e+000  2.5518083e+000  3.1496920e+000  2.4760639e+000  4.0701233e+000
  1.0000000e+000  3.1058480e+000  3.5845879e+000  1.5449599e+000  3.5317999e+000  1.1488014e+000
  1.0000000e+000  3.6937199e+000  5.2368927e+000  2.3316764e+000  3.7017462e+000  3.6212855e+000
  2.0000000e+000  2.3834333e+000  3.3904710e+000  2.3573055e+000  3.0877457e+000  3.7141896e+000
  2.0000000e+000  4.0841956e+000  1.1916883e+000  4.6238048e+000  4.4005269e+000  3.2324108e+000
  2.0000000e+000  2.8462133e+000  2.4578512e+000  3.3805787e+000  3.6480600e+000  4.2804161e+000
  1.0000000e+000  3.3332859e+000  3.8090259e+000  1.7780573e+000  3.3127942e+000  3.3859461e+000
  2.0000000e+000  2.7031395e+000  2.6245063e+000  1.3151376e+000  3.6408379e+000  3.4214453e+000
  2.0000000e+000  2.9347060e+000  1.7652101e+000  1.2509534e+000  2.3690643e+000  2.1490873e+000
  2.0000000e+000  2.1965858e+000  2.8981225e+000  3.6498462e+000  3.1867372e+000  4.3986803e+000
  2.0000000e+000  1.6617461e+000  2.7990049e+000  2.8399687e+000  2.3802588e+000  3.6940701e+000
  2.0000000e+000  3.6385529e+000  3.8992084e+000  2.7890042e+000  1.3169047e+000  4.2340174e+000
  2.0000000e+000  1.6294613e+000  1.4718965e+000  2.7771667e+000  1.0171960e+000  3.8928526e+000
  2.0000000e+000  2.7005840e+000  2.3647361e+000  4.1061889e+000  2.7209630e+000  2.2504001e+000
  2.0000000e+000  4.6247219e+000  1.2002164e+000  3.6409860e+000  3.6547598e+000  4.1299756e+000
  2.0000000e+000  3.8575447e+000  5.0393323e+000  3.3011221e+000  2.1672001e+000  2.5055821e+000
  1.0000000e+000  3.7919188e+000  3.3564133e+000  3.1165241e+000  3.1250359e+000  3.2732237e+000
  2.0000000e+000  2.2460578e+000  4.2423725e+000  3.2369674e+000  3.4970226e+000  4.3293505e+000
  2.0000000e+000  2.6104347e+000  1.7287546e+000  2.6994208e+000  4.0055369e+000  1.4160646e+000
  2.0000000e+000  1.4287432e+000  2.2550440e+000  2.3721456e+000  3.6821335e+000  4.2410759e+000
  2.0000000e+000  3.2125245e+000  4.1479594e+000  3.7343788e+000  4.4013498e+000  7.6710113e-001
  1.0000000e+000  3.1059609e+000  3.3622683e+000  2.3090178e+000  3.5156809e+000  2.3708733e+000
  2.0000000e+000  2.3218870e+000  4.2925120e+000  2.6790820e+000  2.2194041e+000  2.0680112e+000
  2.0000000e+000  2.3336284e+000  2.9266968e+000  3.7766326e+000  1.2929867e+000  2.1957695e+000
  1.0000000e+000  3.2294782e+000  1.1133939e+000  1.4999090e+000  3.3934376e+000  3.3410112e+000
  1.0000000e+000  3.2616344e+000  4.7411284e+000  2.9470817e+000  2.3293836e+000  3.2988655e+000
  2.0000000e+000  2.8940976e+000  2.0203221e+000  2.3719424e+000  3.6153348e+000  3.4226766e+000
  2.0000000e+000  2.8376619e+000  3.1120834e+000  2.2535322e+000  3.4735601e+000  2.0427356e+000
  2.0000000e+000  4.8067826e+000  2.6018822e+000  4.5094902e+000  3.6101494e+000  2.8425464e+000
  2.0000000e+000  2.2032164e+000  4.7979198e+000  2.3348760e+000  3.1643998e+000  4.4986556e+000
  2.0000000e+000  1.1282096e+000  2.4569578e+000  1.5338466e+000  2.6125386e+000  3.5665764e+000
  2.0000000e+000  4.0770965e+000  1.6921526e+000  4.0644224e+000  1.7928293e+000  2.2433741e+000
  2.0000000e+000  3.3483741e+000  4.7353336e+000  4.8942407e+000  1.9230196e+000  2.0661620e+000
  2.0000000e+000  1.9567016e+000  1.8555128e+000  3.9062194e+000  3.0151853e+000  1.3829903e+000
  2.0000000e+000  1.9369514e+000  2.6436299e+000  9.4430639e-001  3.0972927e+000  2.2317070e+000
  2.0000000e+000  2.6356302e+000  2.0931935e+000  4.1948626e+000  2.5788641e+000  1.9261045e+000
  2.0000000e+000  3.4022747e+000  4.9899571e+000  2.7970291e+000  4.2319181e+000  2.3223592e+000
  2.0000000e+000  3.4172349e+000  3.1445022e+000  2.5575635e+000  1.2779304e+000  2.0430951e+000
  2.0000000e+000  4.2030319e+000  3.1807812e+000  2.0844644e+000  1.3217787e+000  3.2691673e+000
  2.0000000e+000  3.6790604e+000  2.4397663e+000  4.5715909e+000  3.8550717e+000  3.8013374e+000
  2.0000000e+000  3.4457696e+000  3.3536853e+000  2.6394767e+000  3.9506457e+000  2.2886143e+000
  2.0000000e+000  2.9731941e+000  2.7520824e+000  2.2275858e+000  3.2151555e+000  1.6885436e+000
  2.0000000e+000  2.0699212e+000  1.7090402e+000  9.4434717e-001  1.8602701e+000  3.0747794e+000
  1.0000000e+000  3.6804405e+000  3.5186847e+000  4.1001174e+000  2.7505775e+000  1.4696161e+000
  2.0000000e+000  4.3947416e+000  2.0958283e+000  3.7176541e+000  4.2916520e+000  6.1225626e-001
  2.0000000e+000  8.3214086e-001  3.9429468e+000  2.8043095e+000  2.1663351e+000  2.5888207e+000
  2.0000000e+000  2.5665592e+000  3.5973179e+000  2.1204276e+000  3.4002117e+000  4.9537218e+000
  1.0000000e+000  3.4686199e+000  2.9171175e+000  8.2265231e-002  2.7659118e+000  1.5843509e+000
  2.0000000e+000  2.0233186e+000  1.7285393e+000  4.1133533e+000  2.3447608e+000  3.1828503e+000
  1.0000000e+000  3.4191203e+000  2.4929894e+000  3.7090159e+000  2.1202777e+000  3.3537236e+000
  1.0000000e+000  3.0827294e+000  3.4753420e+000  4.1203143e+000  3.4785868e+000  2.8351761e+000
  2.0000000e+000  2.6886422e+000  1.3573640e+000  2.9184782e+000  2.6562347e+000  3.8562981e+000
  1.0000000e+000  3.4592229e+000  2.5570656e+000  2.3876213e+000  2.3934137e+000  2.2055647e+000
  2.0000000e+000  2.7993709e+000  4.6583482e+000  1.4423231e+000  1.1787519e+000  3.5678825e+000
  1.0000000e+000  3.2692859e+000  2.6462681e+000  3.6592706e+000  3.3119833e+000  3.2514210e+000
  2.0000000e+000  4.7511528e+000  1.9437575e+000  4.3546811e+000  2.5417344e+000  2.5503624e+000
  2.0000000e+000  3.9777753e+000  4.6372202e+000  1.9059643e+000  3.3291225e+000  1.7757399e+000
  2.0000000e+000  1.8200406e+000  3.3355224e+000  3.5479884e+000  4.8679695e+000  2.4024672e+000
  1.0000000e+000  3.4914708e+000  2.4303955e+000  2.0661906e+000  3.4587655e+000  2.0711281e+000
  2.0000000e+000  4.4336739e+000  1.8273753e+000  3.5982788e+000  5.0759927e+000  1.8625051e+000
  2.0000000e+000  4.4472355e+000  3.4562438e+000  4.1906840e+000  3.9612556e+000  4.1558115e+000
  2.0000000e+000  2.7464539e+000  3.4338528e+000  3.7967038e+000  1.0052170e+000  3.1953931e+000
  2.0000000e+000  3.3348803e+000  2.5281912e+000  3.0485989e+000  4.8770533e+000  4.0735636e+000
  2.0000000e+000  1.6560997e+000  1.7031460e+000  3.6376170e+000  2.2912367e+000  3.0125514e+000
  2.0000000e+000  7.7541941e-001  3.3047412e+000  3.1871294e+000  3.6134371e+000  3.6088346e+000
  2.0000000e+000  2.7794722e+000  3.1736484e+000  3.2557240e+000  3.5893294e+000  3.0573517e+000
  2.0000000e+000  2.4152228e+000  3.9662627e+000  2.3292316e+000  3.0132328e+000  3.4576505e+000
  1.0000000e+000  3.8030373e+000  3.1006860e+000  4.4869148e+000  2.9333010e+000  4.3911348e+000
  1.0000000e+000  3.3204696e+000  2.7203469e+000  1.8396006e+000  3.9033860e+000  3.6451862e+000
  2.0000000e+000  2.8998086e+000  3.0766364e+000  2.7475441e+000  2.7470405e+000  3.4521931e+000
  2.0000000e+000  2.5773643e+000  2.8958453e+000  4.1251003e+000  3.2569495e+000  5.5035674e+000
  2.0000000e+000  2.9216856e+000  3.2939080e+000  3.5521241e+000  4.6284243e+000  3.7233830e+000
  2.0000000e+000  2.8801015e+000  2.8682755e+000  3.1161200e+000  2.5966959e+000  3.2348444e+000
  2.0000000e+000  2.6620151e+000  3.5977425e+000  9.2062210e-001  3.4696479e+000  4.3001032e+000
  2.0000000e+000  1.5462905e+000  2.8488669e+000  3.1524659e+000  4.5879661e+000  1.4686364e+000
  2.0000000e+000  2.6179785e+000  4.1956400e+000  3.7099906e+000  4.3996256e+000  2.1214812e+000
  2.0000000e+000  2.8185002e+000  3.1923325e+000  2.5784174e+000  2.1666811e+000  3.3341401e+000
  2.0000000e+000  3.7915216e+000  4.8671212e+000  3.7478427e+000  1.3601708e+000  3.5435714e+000
  2.0000000e+000  2.6190971e+000  3.5967270e+000  3.2690169e+000  1.7252108e+000  3.6412225e+000
  1.0000000e+000  3.3458535e+000  3.3114277e+000  3.3513136e+000  3.5613590e+000  3.4591536e+000
  2.0000000e+000  4.2462832e+000  4.0040370e+000  1.7914123e+000  3.7484223e+000  3.1142393e+000
  2.0000000e+000  3.2643135e+000  2.4971574e+000  2.7432139e+000  4.6664367e+000  5.0355373e-001
  2.0000000e+000  4.5565014e+000  2.1164697e+000  2.5336187e+000  2.0160850e+000  2.8890042e+000
  2.0000000e+000  2.9116823e+000  3.5928671e+000  1.9542888e+000  3.1015171e+000  2.5091147e+000
  2.0000000e+000  1.9522929e+000  3.3742861e+000  2.4203782e+000  2.9857643e+000  3.1857040e+000
  1.0000000e+000  3.3666874e+000  3.1447089e+000  2.8763033e+000  3.1662241e+000  3.8899053e+000
  1.0000000e+000  3.6155924e+000  5.1725952e+000  2.9205315e+000  2.5112185e+000  4.0029824e+000
  2.0000000e+000  2.1324226e+000  2.3593526e+000  2.8789329e+000  2.8560063e+000  2.3470571e+000
  2.0000000e+000  2.3882119e+000  2.3558141e+000  4.8927849e+000  3.7890161e+000  5.3278459e+000
  2.0000000e+000  3.7891543e-001  1.6352629e+000  3.1471012e+000  1.7295368e+000  4.8911978e+000
  2.0000000e+000  2.8755178e+000  2.9423531e+000  4.7356009e+000  3.4303306e+000  3.3709232e+000
  2.0000000e+000  3.3724484e+000  1.3810438e+000  2.8653022e+000  3.9429493e+000  2.5988409e+000
  2.0000000e+000  2.0954921e+000  3.5156554e+000  3.4704269e+000  4.9806318e+000  1.1414991e+000
  2.0000000e+000  2.4954788e+000  2.9811459e+000  3.0770565e+000  2.5960109e+000  2.0451716e+000
  2.0000000e+000  2.0315355e+000  2.8060712e+000  3.6619705e+000  3.4664093e+000  2.6087559e+000
  2.0000000e+000  4.1975903e+000  3.1255361e+000  3.1567969e+000  2.0999294e+000  2.6824231e+000
  2.0000000e+000  5.9622787e-001  1.9216562e+000  1.4764061e+000  3.1267324e+000  3.5221255e+000
  1.0000000e+000  3.0749576e+000  2.1827872e+000  4.6924396e+000  2.9943944e+000  3.3128863e+000
  2.0000000e+000  1.5924965e+000  4.9989002e+000  4.3576773e+000  1.2449550e+000  3.8547142e+000
  2.0000000e+000  1.7615729e+000  2.5743760e+000  1.6241464e+000  3.5059237e+000  3.7597315e+000
  2.0000000e+000  2.9053785e+000  2.2712050e+000  3.3528267e-001  2.8072012e+000  2.3646125e+000
  2.0000000e+000  3.1513638e+000  2.9017133e+000  2.0689398e+000  1.9507478e+000  2.5683957e+000
  1.0000000e+000  3.9270209e+000  1.6210211e+000  2.0883538e+000  2.6505491e+000  1.7722818e+000
  1.0000000e+000  3.1628120e+000  1.5175389e+000  3.1774800e+000  3.1542693e+000  4.0277545e+000
  2.0000000e+000  1.3555549e+000  4.6708385e+000  3.6949838e+000  1.6700781e+000  3.7959652e+000
  2.0000000e+000  2.9542902e+000  3.7720022e+000  1.8225577e+000  1.5329711e+000  4.6470519e+000
  2.0000000e+000  2.8010285e+000  3.1684617e+000  1.6571920e+000  3.3914213e+000  1.8196107e+000
  2.0000000e+000  5.0587769e+000  4.0407033e+000  4.7322372e+000  2.8117177e+000  2.7045234e+000
  2.0000000e+000  2.7167283e+000  3.3772276e+000  2.1960199e+000  3.5148471e+000  3.7017797e+000
  1.0000000e+000  3.7495734e+000  3.6253069e+000  3.3195946e+000  3.3794994e+000  4.0832526e+000
  2.0000000e+000  2.8008189e+000  1.0339455e+000  3.4102089e+000  2.1793618e+000  1.8985953e+000
  2.0000000e+000  3.0490604e+000  1.5556482e+000  2.0832419e+000  2.4014526e+000  6.0645841e-001
  1.0000000e+000  3.3882221e+000  3.0450934e+000  9.1489411e-001  2.7179080e+000  2.5634291e+000
  2.0000000e+000  3.8289011e+000  3.2351290e+000  1.2952806e+000  4.7064406e+000  2.2451790e+000
  2.0000000e+000  2.5209301e+000  3.9382970e+000  2.0354484e+000  2.1684232e+000  3.6250405e+000
  2.0000000e+000  3.6058919e+000  3.9073122e+000  4.4136708e+000  4.0541598e+000  2.9255255e+000
  2.0000000e+000  2.1039958e+000  2.2106828e+000  3.3099105e+000  2.0974908e+000  1.6402067e+000
  2.0000000e+000  2.5073220e+000  3.1978442e+000  1.6562435e+000  2.7458351e+000  3.4771878e+000
  2.0000000e+000  2.6392190e+000  2.5178275e+000  4.2965286e+000  2.0858029e+000  3.6343116e+000
  2.0000000e+000  4.9628323e+000  3.7470959e+000  3.8788458e+000  3.2876949e+000  1.4823906e+000
  2.0000000e+000  4.0806956e+000  4.1803641e+000  3.3095065e+000  2.3642935e+000  2.9083143e+000
  1.0000000e+000  3.3360936e+000  3.0632825e+000  3.3856596e+000  2.3374644e+000  3.2402111e+000
  2.0000000e+000  4.1454296e+000  1.4426573e+000  3.5859128e+000  2.4128503e+000  3.3965797e+000
  2.0000000e+000  4.5545799e+000  2.7379671e+000  2.3359805e+000  3.5772974e+000  1.8544619e+000
  2.0000000e+000  5.4813370e+000  2.3125463e+000  2.6973573e+000  4.0464255e+000  1.9585274e+000
  1.0000000e+000  3.5845995e+000  2.6001891e+000  3.5496087e+000  2.2109606e+000  2.8094685e+000
  2.0000000e+000  2.6222680e+000  2.1680945e+000  2.8310756e+000  2.4388743e+000  3.3159769e+000
  1.0000000e+000  3.3541909e+000  2.1138638e+000  2.5096926e+000  3.6647279e+000  3.8159363e+000
  2.0000000e+000  2.9973078e+000  3.1590967e+000  4.2136435e+000  3.0158440e+000  4.8014292e+000
  1.0000000e+000  3.6232169e+000  2.3573608e+000  3.1106253e+000  3.4390158e+000  2.4318927e+000
  1.0000000e+000  3.3184965e+000  1.7422421e+000  3.4847188e+000  3.5342193e+000  4.5728518e+000
  2.0000000e+000  3.0499887e+000  3.9980476e+000  3.5724573e+000  4.1368273e+000  3.3906416e+000
  2.0000000e+000  2.1680083e+000  2.8200309e+000  4.3594754e+000  2.3505247e+000  3.1962515e+000
  2.0000000e+000  2.3825417e+000  3.1749720e+000  4.0860141e+000  1.8913417e+000  2.9248635e+000
  2.0000000e+000  1.6637389e+000  4.7042773e+000  1.1246687e+000  4.2625850e+000  2.7622437e+000
  1.0000000e+000  3.2922263e+000  3.8863349e+000  4.0369095e+000  2.5035178e+000  3.4057216e+000
  2.0000000e+000  1.5046948e+000  3.5865160e+000  2.3340272e+000  3.4683717e+000  2.4513748e+000
  2.0000000e+000  2.5991731e+000  2.6130490e+000  3.2971030e+000  4.8340929e+000  4.1295346e+000
  2.0000000e+000  1.6313100e+000  2.7124357e+000  3.0874401e+000  3.4679570e+000  3.5852161e+000
  2.0000000e+000  4.0463228e+000  3.9770023e+000  3.6653184e+000  4.1643587e+000  4.2808316e+000
  2.0000000e+000  4.7043961e+000  1.8128649e+000  4.2700392e+000  3.3280742e+000  2.8674691e+000
  2.0000000e+000  2.3069387e+000  2.5665377e+000  3.5818465e+000  4.3396710e+000  5.0190422e+000
  2.0000000e+000  2.6121562e+000  3.4312308e+000  2.2619123e+000  3.5961272e+000  3.3139720e+000
  2.0000000e+000  3.1316610e-001  3.9198160e+000  1.7264453e+000  3.8193915e+000  3.8102852e+000
  2.0000000e+000  3.5112401e-001  5.1424029e+000  3.3788448e+000  2.8938849e+000  1.7188524e+000
  2.0000000e+000  4.9720705e+000  3.0095950e+000  2.5326027e+000  1.9108446e+000  4.9827847e+000
  2.0000000e+000  1.6781097e+000  2.4355360e+000  1.3722870e+000  2.9438658e+000  1.6642854e+000
  1.0000000e+000  3.1806732e+000  1.6791182e+000  3.1707858e+000  2.5824921e+000  3.0397370e+000
  2.0000000e+000  2.8233633e+000  2.5317862e+000  1.3710381e+000  4.0182812e+000  1.8361245e+000
  2.0000000e+000  2.3341582e+000  1.3474230e+000  2.4951985e+000  2.8755745e+000  2.7697156e+000
  2.0000000e+000  2.6649811e+000  2.1750077e+000  1.8763781e+000  2.6392511e+000  2.6623349e+000
  2.0000000e+000  2.6466497e+000  2.6280728e+000  3.5854810e+000  2.5813711e+000  3.5910609e+000
  2.0000000e+000  2.6757403e+000  8.7536284e-001  4.3763462e+000  2.6796396e+000  4.7609317e+000
  1.0000000e+000  3.6140066e+000  3.8926397e+000  5.0783591e+000  3.5903292e+000  3.6178569e+000
  2.0000000e+000  1.9682987e+000  2.7059985e+000  4.5604489e+000  5.0205822e+000  4.2124342e+000
  2.0000000e+000  3.4550546e+000  2.2251251e+000  3.4227444e+000  1.3979444e+000  3.3002152e+000
  2.0000000e+000  4.2873622e+000  1.3975572e+000  3.2670889e+000  3.4294565e+000  3.0207123e+000
  2.0000000e+000  1.4385893e+000  2.1569336e+000  4.4563483e+000  2.4785313e+000  2.1064246e+000
  1.0000000e+000  3.0358848e+000  3.6686657e+000  1.4784312e+000  2.4632977e+000  1.9084814e+000
  1.0000000e+000  3.1953302e+000  3.2597046e+000  4.0025759e+000  2.9982616e+000  3.6807498e+000
  2.0000000e+000  2.6102083e+000  1.8291068e+000  3.3926077e+000  1.5222010e+000  2.3347765e+000
  2.0000000e+000  2.2591470e+000  1.0941641e+000  1.8509035e+000  3.1412496e+000  2.5725092e+000
  2.0000000e+000  2.2978744e+000  2.6853371e+000  3.5734623e+000  1.7521220e+000  2.6534794e+000
  2.0000000e+000  4.0847017e+000  2.9900272e+000  2.3934993e+000  4.5475921e+000  2.3491267e+000
  2.0000000e+000  2.6115224e+000  2.3862985e+000  3.8385198e+000  3.6269418e+000  2.8323492e+000
  1.0000000e+000  3.8558460e+000  3.2087000e+000  4.0397199e+000  2.9614963e+000  2.8578984e+000
  2.0000000e+000  2.0001985e+000  2.7175573e+000  4.3123008e+000  5.0223050e+000  2.4983316e+000
  2.0000000e+000  4.2365062e+000  3.3563044e+000  2.3061810e+000  3.2495225e+000  2.3203000e+000
  2.0000000e+000  2.9948444e+000  3.6811804e+000  3.0955049e+000  2.0590900e+000  3.0595661e+000
  1.0000000e+000  3.6659374e+000  3.6050419e+000  2.4506567e+000  2.3526500e+000  3.8764446e+000
  1.0000000e+000  3.0491069e+000  4.0758271e+000  1.9139606e+000  2.1081015e+000  4.9174449e+000
  2.0000000e+000  3.6061110e+000  3.0692517e+000  3.4035070e+000  1.6950116e+000  4.0376243e+000
  2.0000000e+000  3.2516911e+000  3.8974261e+000  2.2382920e+000  3.7622931e+000  6.2432310e-001
